acc	Symbol	logFC_NtoIS	logFC_IStoC	logFC_CtoI	logFC_ItoA	adjPVal_NtoIS	adjPVal_IStoC	adjPVal_CtoI	adjPVal_ItoA
P98095	FBLN2	0.429262	0.0986152	-0.0499276	0.0346345	9.67E-06	0.131388	0.447669	0.568591
Q9Y5Y6	ST14	0.300628	-0.0178312	-0.00927288	0.0231402	0.0019564	0.807281	0.90727	0.709981
Q12816	TRO	0.275286	-0.0120246	-0.0288088	-0.0203116	0.00539337	0.878277	0.690015	0.756057
Q9Y6R7	FCGBP	0.483154	-0.103883	0.0614533	-0.0805175	0.00539337	0.302643	0.567001	0.38352
P13688	CEACAM1	0.336288	-0.0177077	0.0885532	-0.0693427	0.00706036	0.851008	0.243453	0.306918
Q16643	DBN1	0.384384	0.0479083	-0.0750308	0.0233149	0.00706036	0.610561	0.402997	0.797356
Q8WXF7	SPG3A	0.202877	0.153415	-0.181636	0.0629387	0.00706036	0.0147287	0.00329735	0.21692
Q96B33	CLDN23	0.26246	-0.0204987	-0.0615596	0.0252984	0.00785478	0.800793	0.393756	0.721425
P24347	MMP11	0.307872	-0.0273922	-0.0147463	-0.05881	0.00966382	0.75233	0.879795	0.416054
Q16612	C5orf13	0.290466	0.0889832	-0.0335664	0.00153818	0.0111428	0.194337	0.643661	0.983017
Q96SM3	CPXM	0.405278	-0.0599229	-0.0672155	-0.116719	0.0111428	0.641314	0.609392	0.291743
P13688	CEACAM1	0.12815	0.0164775	0.0357915	0.0135174	0.012084	0.701949	0.375258	0.738022
Q7Z7L9	ZSCAN2	0.24132	0.0159324	-0.0920368	0.0843263	0.012084	0.827309	0.13431	0.129609
Q8N158	GPC2	0.283407	-0.121938	-0.0384291	0.0597536	0.0142469	0.167274	0.689933	0.448823
P23510	TNFSF4	0.332785	-0.0673315	-0.149665	0.0876651	0.0147177	0.552899	0.135794	0.338117
Q9P2Y4	ZNF219	0.198818	-0.0522846	-0.102712	0.0638273	0.0187221	0.378747	0.0715566	0.217354
Q8IZS7	DCAL1	0.216076	0.0975706	-0.0163846	0.0332333	0.0277284	0.0898889	0.79683	0.51258
O14713	ITGB1BP1	-0.123706	0.0705391	-0.0277644	0.0298093	0.028066	0.063633	0.468118	0.374401
Q6ZT07	TBC1D9	0.316133	-0.021777	0.042031	-0.00685563	0.028066	0.834228	0.659973	0.939743
Q99536	VAT1	0.172105	-0.14355	0.0586368	-0.0629061	0.0284385	0.012804	0.263296	0.175166
O15535	ZNF193	0.183901	0.027207	-0.0248086	-0.00966153	0.0298117	0.629904	0.668206	0.859145
Q9UM22	EPDR1	0.265152	0.0481089	0.0558404	-0.000085775	0.0299522	0.579443	0.497623	0.998936
Q9Y5A6	ZNF38	0.107649	0.0649278	-0.0732718	0.0129933	0.0311905	0.0643456	0.0315626	0.704917
O43157	PLXNB1	0.2958	-0.0613498	-0.0439168	0.0273194	0.0324954	0.54578	0.688558	0.783641
P24385	CCND1	0.558163	-0.0569226	-0.0715579	0.0477867	0.0324954	0.697524	0.645231	0.742077
Q15583	TGIF1	0.259776	-0.0479979	0.041342	-0.0765344	0.0324954	0.54988	0.612365	0.256948
Q6ZVH7	ESPNL	0.346888	0.0455977	-0.0254801	-0.0636128	0.0324954	0.701473	0.842317	0.532898
Q96P20	CIAS1	0.331465	-0.128469	-0.084025	0.0978662	0.032682	0.26246	0.485621	0.346514
Q2T9K0	TMEM44	0.209892	-0.100218	0.178112	-0.20011	0.035122	0.169063	0.0144222	0.00325431
Q3SY52	ZIK1	0.140493	0.0604888	-0.0883847	0.057971	0.035122	0.19098	0.049469	0.155405
Q8N264	ARHGAP24	0.388793	-0.0976034	0.0485698	-0.0791785	0.035122	0.480524	0.753	0.529701
P61019	RAB2	-0.114356	0.0951573	0.00965949	-0.0360545	0.0405121	0.0171938	0.835826	0.296052
Q6Y1H2	PTPLB	-0.103235	-0.0552001	-0.0779123	0.112822	0.0405121	0.115811	0.0278986	0.00135181
Q9C0C6	KIAA1737	0.136728	0.0904449	-0.032475	-0.0062011	0.0405121	0.0369876	0.438946	0.884382
O00203	AP3B1	0.127929	0.145643	-0.0845577	0.0728305	0.0451591	0.00192446	0.0210821	0.0277143
P09917	ALOX5	0.169922	0.0144761	0.0130149	-0.0841611	0.0451591	0.804041	0.821571	0.0608916
Q9P2G3	KLHL14	0.253512	0.0352828	0.061428	-0.0980359	0.0451591	0.710633	0.476481	0.183874
Q8WXB4	ZNF606	0.106246	0.0175556	0.0537806	-0.101686	0.0459871	0.678636	0.164628	0.00487118
Q8ND30	PPFIBP2	0.173349	-0.00704301	-0.0178165	-0.040731	0.046874	0.919169	0.779148	0.424333
Q92731	ESR2	0.259279	0.0747648	-0.105515	0.0275955	0.0485388	0.450011	0.268422	0.7787
Q9UEG4	ZNF629	0.148521	-0.0485941	0.014915	-0.0495617	0.049476	0.381622	0.809355	0.277033
P21554	CNR1	0.184572	0.0466869	0.213714	-0.281209	0.0564216	0.521951	0.00278085	0.00011786
P56703	WNT3	0.489034	0.186549	-0.381124	0.228005	0.0573569	0.287688	0.0353804	0.17837
P07550	ADRB2	0.251375	0.117964	-0.0548247	-0.0415335	0.0639236	0.143261	0.50323	0.587628
Q8TEU7	RAPGEF6	-0.0886686	0.00625722	0.0396067	-0.064118	0.0649278	0.872211	0.198083	0.0230512
Q9BXB5	OSBPL10	0.205286	0.034022	0.0893701	-0.125538	0.0662439	0.639725	0.154561	0.0290109
Q86XS8	RNF130	0.144475	0.001129	-0.00190757	0.074703	0.0732989	0.9865	0.97663	0.0890248
Q8WXX7	AUTS2	0.167634	0.0427649	0.106999	-0.130217	0.0732989	0.470621	0.0458705	0.00945691
Q96T68	SETDB2	-0.124868	0.0117073	0.11838	-0.173909	0.0732989	0.830679	0.0101995	0.000268244
Q14332	FZD2	0.191079	-0.0215406	0.0291838	0.0369466	0.0786165	0.810127	0.737833	0.613138
Q9Y4F1	FARP1	0.181667	0.0730932	0.0583297	-0.026526	0.0904932	0.250346	0.337095	0.646573
Q9Y467	SALL2	0.139276	0.013956	0.0387677	-0.110228	0.106188	0.844843	0.538682	0.0318996
Q9Y5Q0	FADS3	0.141139	-0.0536515	0.156179	-0.170585	0.108361	0.373502	0.0122301	0.00332204
P35221	CTNNA1	0.0846162	0.0243655	-0.00635057	0.021878	0.13524	0.473582	0.875063	0.462775
Q9BXX0	EMILIN2	0.157379	0.0306543	0.00349373	0.0415109	0.13524	0.642521	0.964471	0.447933
P17252	PRKCA	-0.139951	-0.0832036	0.0315292	-0.00372503	0.13887	0.117706	0.556921	0.945803
Q13191	CBLB	0.112305	-0.0399956	0.106954	-0.111765	0.13887	0.379655	0.0144222	0.00572397
P10415	BCL2	0.160789	0.0864071	-0.00624148	-0.0698495	0.144278	0.159574	0.936475	0.193002
Q9BUZ4	TRAF4	0.146823	-0.231522	0.128835	-0.0802229	0.145598	0.00133096	0.0229334	0.122539
Q8IVM0	CCDC50	0.134833	0.0752881	0.0907662	-0.0614452	0.147473	0.148837	0.056998	0.147074
Q9P0L1	ZNF167	0.103458	0.101892	-0.06601	0.00732584	0.152345	0.0386765	0.161405	0.882557
O75038	PLCH2	0.272915	0.116764	0.112492	-0.223117	0.159937	0.254413	0.21846	0.0108316
P17900	GM2A	0.157699	0.0770276	-0.113288	0.205995	0.165309	0.229636	0.0696586	0.00107146
Q5T6S3	PHF19	-0.146194	-0.119475	0.0693906	-0.026826	0.174426	0.0673365	0.281379	0.671787
P61952	GNG11	0.303264	0.00117642	0.188779	-0.0269559	0.195224	0.995693	0.124786	0.824808
Q8N5B7	LASS5	0.0765439	-0.11645	0.0247622	-0.00899134	0.195507	0.00363015	0.495579	0.797921
P42126	DCI	0.139048	0.0164689	0.0160691	0.02869	0.196274	0.823018	0.825481	0.627735
Q9ULU4	ZMYND8	0.0864857	-0.0113385	0.0593629	-0.0702878	0.196274	0.792484	0.0986442	0.031771
Q7Z6A9	BTLA	-0.127953	-0.0273	-0.0536529	0.0458355	0.207309	0.659616	0.323683	0.339854
Q3ZCT1	ZFP260	0.0912942	0.0906205	-0.0968415	0.034446	0.215094	0.0287535	0.0145185	0.33847
Q5T5U3	ARHGAP21	0.085197	-0.00310163	0.127734	-0.159085	0.232342	0.95162	0.00201546	0.000129157
Q9H4L5	OSBPL3	0.113398	-0.0125337	0.11255	-0.145617	0.243453	0.857057	0.0560953	0.00750722
Q9GZY6	LAT2	-0.130414	0.00183149	-0.106572	0.158382	0.248745	0.982941	0.0908711	0.00755509
Q96MT3	PRICKLE1	0.0963615	0.114635	-0.0957567	0.114781	0.256599	0.0137421	0.0214364	0.00378939
Q9HCE3	ZNF532	0.111035	0.0331383	0.0700845	-0.126539	0.256599	0.535795	0.143578	0.00621467
Q9Y6P5	SESN1	-0.0962742	8.10E-05	0.0352492	-0.0788661	0.257261	0.999292	0.453876	0.0512186
Q99683	MAP3K5	-0.0953657	-0.050339	0.176647	-0.142832	0.26371	0.284509	0.000790421	0.00126322
P05771	PRKCB1	0.0657994	0.0530139	0.00571516	-0.0453688	0.269031	0.0770113	0.872127	0.0762085
P29966	MARCKS	0.0988231	0.104586	-0.00325797	-0.0526419	0.269031	0.0232661	0.952063	0.154844
Q2M385	MPEG1	0.10953	0.0739906	-0.0800916	0.136349	0.269031	0.215078	0.165984	0.0110993
Q9UDY8	MALT1	-0.0898881	-0.076101	0.0966506	-0.116744	0.269031	0.0869611	0.0256932	0.00451669
Q13571	LAPTM5	-0.0815134	0.00562373	0.0282342	-0.107446	0.271049	0.913677	0.495579	0.00540342
Q6ZN54	FLJ20186	-0.171547	-0.389833	-0.0548519	0.00717439	0.27381	0.00138582	0.632108	0.948483
Q96L08	SUSD3	-0.133283	-0.0153502	-0.0762104	0.0847483	0.274836	0.848515	0.258691	0.158009
O94916	NFAT5	0.102882	-0.11296	-0.153995	0.237275	0.286459	0.0323807	0.00154899	1.40E-05
Q9C035	TRIM5	0.10693	0.0650669	-0.150586	0.178671	0.286459	0.283253	0.00970227	0.00128585
Q9Y483	MTF2	-0.0928913	-0.0619678	0.0983	-0.111645	0.286459	0.173979	0.0284656	0.0074004
Q13239	SLA	0.156603	-0.0570454	0.200643	-0.281895	0.302817	0.479116	0.0089031	0.000356309
Q9H6X5	FLJ21742	0.0895789	0.0242435	0.146754	-0.178876	0.302817	0.653668	0.00620969	0.000541199
Q9Y617	PSAT1	-0.135082	0.0176277	-0.129809	0.120719	0.302817	0.82409	0.0325125	0.0243047
Q9UL42	PNMA2	0.213603	0.134716	-0.113551	0.162182	0.304294	0.278418	0.362642	0.132671
O60256	PRPSAP2	-0.112424	-0.0395394	0.0204227	-0.110833	0.304351	0.529763	0.766569	0.0356283
Q9BYU1	PBX4	-0.14173	-0.117911	0.0362133	-0.0101634	0.308125	0.0846957	0.596873	0.880421
Q6K0P9	PYHIN1	0.127363	0.100154	-0.0659326	0.000408297	0.313907	0.115886	0.292071	0.994994
Q9Y657	SPIN	0.102539	0.07928	-0.186405	0.149729	0.313907	0.171737	0.00193604	0.00319275
Q16828	DUSP6	-0.119213	-0.00466874	0.241065	-0.240408	0.314044	0.950668	0.000775449	0.000250819
P78563	ADARB1	-0.1324	-0.208624	0.0696423	-0.0130714	0.32612	0.00624242	0.285916	0.852279
P78563	ADARB1	-0.128714	-0.244353	0.112442	-0.097463	0.333274	0.00520963	0.139403	0.154618
P13682	ZNF35	0.0571305	0.0730049	-0.116317	0.104116	0.341922	0.0221243	0.000804591	0.000685014
Q9NUP7	CCDC76	-0.0860602	0.0898763	0.123573	-0.213632	0.341922	0.0524581	0.00652975	3.90E-05
P31994	FCGR2B	0.0916442	0.0507371	0.111651	-0.135075	0.346109	0.370258	0.0518521	0.0104234
Q6STE5	SMARCD3	-0.0744387	-0.0538219	-0.0172331	0.0527423	0.348308	0.130809	0.630997	0.0761878
P33076	CIITA	-0.135128	-0.142916	0.0613524	0.00454726	0.350704	0.0419271	0.350654	0.950728
Q15633	TARBP2	0.085523	0.0436461	-0.177484	0.165606	0.350704	0.349524	0.000672738	0.000364171
Q9H3E2	SNX25	0.0882914	0.0320678	0.0875325	-0.107257	0.359666	0.560161	0.0871395	0.0217397
Q9UKF7	PITPNC1	-0.1133	-0.077181	0.0336515	-0.0980395	0.363849	0.234584	0.633129	0.0848064
Q6ZN04	RKHD3	0.0932151	0.141076	-0.0964424	0.0440006	0.364173	0.0294401	0.121589	0.438798
P18405	SRD5A1	0.0659174	0.0850245	-0.0842673	0.0330076	0.370577	0.0321009	0.0248474	0.330337
Q17RB8	LONRF1	0.0753794	0.0627986	0.0121639	-0.0247358	0.370577	0.119629	0.789858	0.50068
P55273	CDKN2D	-0.0912296	-0.0980579	0.159059	-0.118431	0.374014	0.0639684	0.00374139	0.0108401
Q96GY0	C8orf70	0.0954101	0.125535	-0.128491	0.0854839	0.381181	0.0265903	0.0165523	0.0712885
Q96QK8	C4orf34	0.0895355	0.0915087	-0.0589632	0.0193089	0.381181	0.0478726	0.170729	0.658405
Q9Y5T4	DNAJC15	0.0822327	0.0890075	-0.0735836	-0.0254154	0.381181	0.0467243	0.080945	0.540993
O60879	DIAPH2	-0.0838323	-0.0301771	0.174951	-0.106215	0.386908	0.543865	0.0009496	0.0112329
Q8TF68	ZNF384	0.0706756	-0.122367	0.0927678	-0.0691464	0.386908	0.00626176	0.0184588	0.046751
Q15417	CNN3	0.0844085	0.0576598	0.10703	-0.122304	0.404998	0.209668	0.014231	0.00319275
P24394	IL4R	-0.135534	-0.230648	0.0942987	-0.0873115	0.413058	0.0140598	0.284286	0.263816
Q5VUA4	ZNF318	-0.0633671	-0.043381	0.0848785	-0.131426	0.415103	0.24562	0.0198589	0.000541199
Q8IUQ4	SIAH1	0.0613481	0.078977	-0.0498476	0.0380181	0.430621	0.0268739	0.125163	0.197632
O75324	SNN	0.0855753	-0.0141672	0.163481	-0.161059	0.431803	0.817384	0.00379174	0.00181656
Q5T8P6	C13orf10	-0.0825299	0.00982822	0.149601	-0.197324	0.436527	0.864425	0.00350904	0.000131086
Q9BWM5	ZNF416	0.0650566	0.0739902	-0.0505033	0.0307762	0.436527	0.06356	0.191371	0.389871
Q3T906	GNPTAB	0.127927	0.141193	-0.137593	0.078469	0.438455	0.04847	0.0438758	0.208184
P48382	RFX5	-0.0536264	-0.0404799	-0.0407155	0.0597427	0.440704	0.217953	0.217122	0.0427071
Q8TF72	SHRM	-0.123335	-0.0681261	-0.0440377	0.0253054	0.440704	0.275999	0.442628	0.626736
O43765	SGTA	-0.0692378	-0.0753203	0.0712127	-0.0107352	0.445356	0.0519923	0.055858	0.788849
P20585	MSH3	0.0593195	0.0317835	-0.160658	0.114244	0.446554	0.367645	0.000208612	0.000956842
Q8NCA5	FAM98A	-0.0764511	-0.105877	0.122769	-0.105404	0.45057	0.0310593	0.0101325	0.0124304
Q14765	STAT4	-0.123562	-0.0633435	-0.0969011	0.0986698	0.456907	0.424195	0.218217	0.161971
Q969H0	FBXW7	-0.0535458	-0.0320717	0.0593475	-0.104997	0.456907	0.33021	0.0586448	0.00115404
P63010	AP2B1	0.0985236	-0.179876	0.148492	-0.199394	0.462665	0.00631865	0.0121044	0.000554044
Q9H2X6	HIPK2	0.119884	-0.259007	0.204774	-0.24344	0.464278	0.00310908	0.00792904	0.00103477
O15155	BET1	0.0710311	0.100997	-0.00886123	-0.0125314	0.465792	0.0284921	0.869528	0.775805
O43312	MTSS1	0.17795	0.0610942	0.108939	-0.238653	0.465792	0.582957	0.270856	0.0105136
Q9ULD9	ZNF608	0.104415	-0.0386526	0.219811	-0.273369	0.465792	0.58468	0.00272776	0.000134452
P61925	PKIA	0.111901	0.116192	-0.000121007	-0.0759038	0.473632	0.0722509	0.998497	0.169486
O60343	TBC1D4	-0.132384	-0.107944	0.053745	-0.196316	0.477216	0.206613	0.549264	0.00839129
Q00534	CDK6	-0.160683	-0.0818401	-0.00338131	-0.0114777	0.481741	0.411529	0.977366	0.903036
Q96LT9	RNPC3	-0.0549772	-0.00688633	0.150134	-0.125834	0.481741	0.857563	0.000598071	0.000929279
B4DYM8	LOC441155	0.0783895	-0.0168959	-0.186895	0.22796	0.488088	0.759398	0.000494482	1.92E-05
Q13291	SLAMF1	-0.167575	-0.228017	-0.0590395	0.079812	0.500276	0.041509	0.586655	0.389255
Q641Q3	METRNL	0.0979851	0.0970959	-0.145285	0.171511	0.507665	0.181772	0.0352257	0.00747296
O14744	PRMT5	0.0582898	0.015805	0.050065	-0.0426623	0.509636	0.693002	0.15165	0.174386
P18433	PTPRA	0.0787799	-0.0536823	-0.138401	0.174106	0.509636	0.29877	0.00354383	0.00024987
Q53H47	SETMAR	0.0824997	0.124401	-0.123052	0.103016	0.509636	0.0197915	0.0137787	0.0210985
Q7Z4H9	MGC12966	0.0669802	0.101017	-0.121922	0.093087	0.509636	0.0203569	0.00455381	0.0126384
Q86T24	ZBTB33	0.0431821	0.0703466	-0.079494	0.054376	0.509636	0.0147287	0.00450275	0.0228001
P35713	SOX18	-0.121729	-0.171241	0.159873	-0.000162786	0.511928	0.02566	0.0252875	0.998506
Q9GZX5	ZNF350	0.0703271	0.0956475	-0.0526342	0.011699	0.511928	0.0488532	0.267047	0.808728
Q9H5X1	FAM96A	-0.0594848	0.120396	-0.0666186	0.067237	0.512409	0.00530279	0.0618883	0.038243
Q9BWJ5	SF3B5	-0.0579496	0.128051	-0.0808541	0.0435312	0.51491	0.00313703	0.0232532	0.174352
Q9UBI9	HECA	-0.0706882	-0.0413214	-0.0495232	0.0539813	0.516132	0.366541	0.238036	0.146106
P30281	CCND3	-0.0647423	-0.0441194	0.049675	-0.0855118	0.518407	0.325107	0.253649	0.0305712
O75815	BCAR3	-0.113307	-0.0750921	-0.0263407	-0.0224461	0.527013	0.327115	0.758521	0.759182
Q96HY7	DHTKD1	0.0827371	0.0190694	0.122351	-0.111179	0.527013	0.777434	0.0428648	0.0418975
P17987	TCP1	-0.0736875	-0.0425316	0.175607	-0.158689	0.527269	0.393881	0.00124664	0.000927491
Q8N3C0	ASCC3	-0.070022	0.152443	-0.0501445	0.0112535	0.548625	0.00462132	0.263608	0.807354
Q86UX7	URP2	-0.0799932	-0.0493645	-0.127551	0.17894	0.558234	0.392748	0.0295791	0.00187144
P28223	HTR2A	-0.0575063	0.0150848	0.177379	-0.220297	0.558577	0.731835	0.000193914	4.89E-06
Q9HCN8	SDF2L1	-0.0709988	-0.102534	0.0230373	-0.0220848	0.558577	0.0502505	0.694651	0.664476
Q96KP1	EXOC2	0.0461896	0.0932887	-0.112089	0.0798125	0.559343	0.00759953	0.00143078	0.00609712
Q96GD3	SCMH1	-0.062117	-0.0825951	0.178294	-0.152315	0.570345	0.0634916	0.000517894	0.00053543
P37173	TGFBR2	0.0720159	0.100304	-0.0448367	-0.0123543	0.576657	0.038812	0.328095	0.794787
Q13131	PRKAA1	-0.0557501	-0.0323988	0.139471	-0.14546	0.581339	0.425852	0.00141265	0.000324257
Q16348	SLC15A2	-0.118041	-0.0729891	0.0732836	-0.142958	0.581425	0.383124	0.376321	0.0384372
P29558	RBMS1	0.0834529	0.0742029	-0.0265348	0.0590448	0.585403	0.193785	0.668206	0.229043
Q9H1Y3	OPN3	0.0976699	0.134396	-0.216963	0.254654	0.585403	0.0466246	0.00278085	0.000287242
Q9HAD4	WDR41	0.073679	0.078472	0.00847154	0.00663161	0.585403	0.116598	0.888462	0.894943
P52594	HRB	0.0625469	-0.0420716	-0.198779	0.251744	0.596942	0.359176	0.000108481	1.98E-06
Q9BPX7	C7orf25	-0.0453781	0.109539	-0.01709	-0.016482	0.598747	0.00530279	0.670686	0.631819
O75326	SEMA7A	0.0670474	-0.224105	0.124699	-0.132239	0.601515	0.000132763	0.00388029	0.0010898
Q9HBE5	IL21R	-0.083987	-0.172312	-0.0429773	0.0656072	0.606012	0.0147287	0.54182	0.269942
Q7L945	ZNF627	0.077462	0.192807	-0.170861	0.0875585	0.613591	0.00300052	0.00350799	0.0724505
Q8NC24	C5orf16	-0.063637	-0.103474	0.0100687	-0.00587788	0.614937	0.0200726	0.820253	0.880421
Q15696	U2AF1L2	-0.0624098	-0.0690439	0.0342902	-0.0679778	0.619257	0.148803	0.494436	0.109879
P00167	CYB5A	0.0911871	0.123838	-0.0761203	0.0912297	0.627564	0.0623342	0.233466	0.106304
Q9UH99	UNC84B	-0.0365019	-0.0631103	0.0638675	-0.0550722	0.627564	0.0340417	0.0235789	0.0279977
P06241	FYN	-0.0675018	-0.1413	0.0987482	-0.0591035	0.630783	0.0150063	0.0605423	0.206301
Q86YP4	GATAD2A	-0.0467683	-0.115922	0.0907418	-0.0586957	0.630783	0.00590178	0.0144222	0.0660887
0A087WZJ2	NBPF14	0.0815994	-0.264451	0.0682517	-0.0640395	0.642951	0.000278824	0.179762	0.164524
O43464	HTRA2	-0.0530325	-0.0332653	-0.0995926	0.104144	0.642951	0.428337	0.015284	0.00603792
Q02880	TOP2B	0.0462527	0.0690004	-0.00098417	-0.0311189	0.642951	0.0427314	0.980499	0.27894
Q15796	SMAD2	0.040458	0.0766635	-0.0757276	0.0448107	0.642951	0.0321009	0.0255555	0.123466
Q32M78	ZNF699	0.0483308	0.0251764	-0.153706	0.154119	0.642951	0.54288	0.000420026	9.21E-05
Q7Z4G1	COMMD6	-0.0507856	0.15359	-0.126986	0.0789138	0.642951	0.00118491	0.00170189	0.0181613
Q8N8J6	ZNF615	0.0601024	0.102997	-0.0169918	-0.0125301	0.642951	0.0258564	0.72484	0.771906
Q96CB8	PHF22	0.0404247	0.0784913	-0.0655078	0.0276092	0.642951	0.0147781	0.0244585	0.297327
Q9NXC2	GFOD1	-0.0991495	-0.20627	0.07769	-0.0439646	0.642951	0.0149428	0.330362	0.559706
Q9UIG8	SLCO3A1	-0.113545	-0.187396	0.124401	-0.0699353	0.642951	0.0266041	0.107559	0.346926
P04745	AMY1A	-0.0668432	-0.124131	0.0902195	-0.0558552	0.644411	0.0251457	0.0770628	0.227637
O94916	NFAT5	0.0830674	-0.0870201	-0.262184	0.32014	0.645829	0.172871	0.000430405	1.40E-05
Q56VL3	OCIAD2	0.0440535	0.0815069	-0.0572367	0.011642	0.645829	0.0186252	0.0634624	0.717367
P31994	FCGR2B	0.0894919	0.0848412	0.161999	-0.23181	0.649231	0.244843	0.0197006	0.000931728
Q9H5F2	C11orf1	-0.0562206	0.200856	-0.145634	0.002342	0.649231	0.000278824	0.00176633	0.95994
Q96B26	EXOSC8	-0.0599448	0.0284775	0.158076	-0.243781	0.649872	0.565718	0.00150995	1.40E-05
Q9BW61	DDA1	-0.04577	-0.0516289	-0.031729	0.0881678	0.649872	0.156113	0.401886	0.00887227
C9JI98	LOC388564	-0.0914513	-0.0325303	-0.199108	0.253932	0.654323	0.681136	0.00392009	0.000215306
Q8N141	ZNF545	0.0523656	0.0957801	-0.0761788	0.0436751	0.654323	0.0230657	0.0474394	0.209336
P47756	CAPZB	-0.0398058	-0.0976215	0.0307451	0.00663275	0.657621	0.00748703	0.35386	0.843125
P04040	CAT	0.0657989	0.117358	-0.0845568	0.0559407	0.659919	0.0239782	0.0715711	0.191637
Q9H1E3	NUCKS1	-0.0692748	-0.0969715	0.189111	-0.192343	0.661391	0.0450873	0.00128523	0.00039558
Q92673	SORL1	-0.131262	-0.203449	0.00580531	-0.0643277	0.663596	0.0603518	0.96624	0.497901
O95848	NUDT14	0.0778057	0.0395109	-0.261468	0.291041	0.66715	0.531301	0.000474695	4.79E-05
P20701	ITGAL	-0.063848	-0.152758	0.0677036	0.0153108	0.669285	0.0106272	0.210421	0.777442
Q6NUM9	RetSat	0.0516132	-0.157128	0.136877	-0.0792109	0.67101	0.00123289	0.00135982	0.0242017
Q9NX08	COMMD8	-0.0736925	0.196837	-0.16935	0.12057	0.676615	0.003499	0.00509282	0.0208072
P12814	ACTN1	-0.0867748	-0.159684	0.185308	-0.209226	0.676694	0.039436	0.0135506	0.00319275
Q9BXL7	CARD11	0.0583239	-0.0954164	0.169313	-0.213298	0.67764	0.0486396	0.00130901	6.89E-05
Q9P265	DIP2B	0.0623021	0.12149	-0.132472	0.103124	0.681367	0.0186252	0.00760261	0.0180762
Q6ZS17	FAM65A	0.0691275	-0.0219766	0.19506	-0.211839	0.684274	0.719835	0.00103303	0.00016726
Q7L099	RUFY3	0.0808311	0.025884	0.133686	-0.166071	0.687133	0.735283	0.0428966	0.00732031
Q9BUV0	C1orf63	-0.0739268	-0.0555603	0.222047	-0.226271	0.687133	0.335254	0.000831253	0.000227745
Q93052	LPP	-0.0659364	-0.123313	0.12351	-0.142106	0.69273	0.0395079	0.0297682	0.00758798
Q9P021	CRIPT	0.0601728	0.153753	-0.0966144	0.0450494	0.69273	0.00522776	0.0364138	0.287909
P07766	CD3E	-0.113236	-0.172261	-0.12348	0.126868	0.694373	0.0825389	0.175366	0.116748
Q15554	TERF2	-0.0693173	-0.0866155	-0.0484645	0.0516915	0.697011	0.148598	0.445686	0.355136
Q7LBC6	JMJD1B	0.0382663	-0.0235763	0.105043	-0.0919647	0.697011	0.470621	0.00212751	0.00200375
Q8TB69	ZNF519	0.0647875	0.103279	-0.0203344	0.069343	0.697011	0.0998282	0.791679	0.239424
Q13586	STIM1	-0.0627526	-0.126014	-0.012182	0.0830446	0.697742	0.0253164	0.848814	0.074787
Q96LU5	IMMP1L	-0.0556408	0.185658	-0.192267	0.144245	0.699413	0.00133096	0.000505181	0.00143678
Q9H832	UBE2Z	-0.0507116	-0.05647	-0.056908	0.0801131	0.699413	0.192491	0.179868	0.0361599
Q13576	IQGAP2	0.0753541	0.141931	0.0319013	-0.0589426	0.704797	0.0436825	0.677591	0.344188
Q9NUK0	MBNL3	0.0536555	0.0634731	-0.199931	0.168941	0.704797	0.1532	0.000238932	0.00024987
P30419	NMT1	0.0592038	-0.0449548	0.156476	-0.2347	0.711996	0.382101	0.003203	4.64E-05
Q8WUH2	TGFBRAP1	0.06996	-0.0837552	-0.163163	0.237806	0.711996	0.158586	0.00467339	9.44E-05
Q9NRN9	METTL5	-0.057746	0.160878	-0.125395	0.105372	0.711996	0.00410146	0.0101728	0.0152899
Q9UHB7	AFF4	0.0444379	0.151737	-0.0646375	0.0421673	0.711996	0.00262098	0.131435	0.280142
Q03989	ARID5A	-0.0493311	-0.0793533	-0.0291816	0.0449662	0.712956	0.0462256	0.416521	0.147942
Q14683	SMC1L1	-0.0514713	-0.0514195	0.0156047	-0.0689503	0.712956	0.23928	0.751847	0.0580976
P51648	ALDH3A2	0.0767908	0.111549	-0.222735	0.150712	0.713467	0.0779444	0.00195573	0.0121043
P13232	IL7	0.0507393	0.144694	-0.171397	0.124343	0.716144	0.0125281	0.00254778	0.00648674
O95503	CBX6	-0.0588693	-0.105288	0.201284	-0.227222	0.717493	0.053047	0.000831253	0.000104843
A6NNL5	LOC145853	0.0492469	0.0870531	-0.172347	0.204045	0.721215	0.0464531	0.000558772	3.56E-05
Q8N999	C12orf29	-0.0378961	0.109486	-0.0472043	-0.00822879	0.721215	0.00596367	0.185531	0.817433
Q16670	ZNF187	0.0462135	0.0339208	0.107178	-0.134709	0.721989	0.41403	0.00875217	0.000799511
Q9Y473	ZNF175	0.0446108	0.0544888	0.0341444	-0.0884326	0.731772	0.167531	0.389043	0.0128853
P47756	CAPZB	-0.0480994	-0.149327	0.0978538	-0.0836504	0.737272	0.00237454	0.0153852	0.0214536
Q8NG27	PJA1	0.0510647	0.134429	-0.137102	0.0993092	0.737272	0.00641942	0.00334513	0.0126869
Q4LE39	ARID4B	0.0747046	-0.0311557	-0.228293	0.279109	0.739049	0.664236	0.00272776	0.000193236
Q9UP83	COG5	0.0706689	0.249629	-0.220888	0.196393	0.739049	0.00241855	0.00324044	0.00323565
P84095	RHOG	-0.0597151	-0.0696923	-0.0690812	0.116893	0.742971	0.220795	0.23546	0.0245502
Q13310	PABPC4	-0.0383049	-0.029774	0.0144107	-0.0640376	0.752698	0.417795	0.723136	0.0459941
Q9BWC9	HSU79303	0.0680343	0.0720419	0.0821245	-0.192315	0.753663	0.233046	0.139677	0.00107146
Q9NZ32	ACTR10	-0.0434385	0.125717	-0.041298	0.0325185	0.753663	0.00535643	0.277984	0.346951
Q9Y2X3	NOP5/NOP58	-0.0436707	0.000923821	0.225338	-0.236769	0.753663	0.985958	2.45E-05	3.70E-06
Q9Y519	C22orf5	-0.0483707	-0.147791	0.0522508	0.00128675	0.753663	0.003499	0.212892	0.978632
Q05084	ICA1	-0.0910487	-0.151186	-0.0653424	-0.0479855	0.75611	0.0806744	0.431857	0.482806
O96017	CHEK2	-0.0518255	-0.0122457	0.0412331	-0.00192181	0.75629	0.828794	0.397344	0.970682
O94921	PFTK1	0.0609737	0.158661	-0.109816	-0.00886203	0.756306	0.00938184	0.0391992	0.877885
P17947	SPI1	-0.0617426	-0.0823766	-0.0629648	0.115975	0.756306	0.162899	0.287881	0.027172
P52294	KPNA1	-0.0402113	-0.0458401	-0.0438981	0.0667863	0.756306	0.2301	0.244861	0.046578
Q13563	PKD2	-0.0503674	-0.101195	0.197669	-0.128794	0.756306	0.023285	0.000308556	0.00343028
Q9GZV4	EIF5A2	-0.0426502	-0.0350434	0.0792804	-0.128755	0.756306	0.354058	0.0379244	0.000748389
Q9NXG6	PH-4	-0.0539881	-0.023043	0.138456	-0.188841	0.756306	0.655234	0.00800056	0.000280598
P09661	SNRPA1	-0.0294642	-0.0485835	-0.0303579	0.0272973	0.76081	0.0918795	0.301648	0.298766
Q9NZM4	GLTSCR1	0.0489708	-0.104041	0.196846	-0.208744	0.76081	0.0321793	0.000420026	0.000061125
O75367	H2AFY	0.0529017	0.0285468	-0.117331	0.192096	0.760921	0.58441	0.0179648	0.000237576
Q9Y366	IFT52	0.0464134	0.11262	-0.10161	0.0598759	0.761972	0.0204474	0.0237995	0.133848
Q9BXS9	SLC26A6	-0.0527874	-0.0820316	0.270263	-0.242159	0.762346	0.0919204	2.45E-05	2.34E-05
O95861	BPNT1	-0.0837987	0.212697	-0.305702	0.219211	0.765918	0.0130308	0.000517894	0.00237502
P62891	RPL39	-0.0214561	0.0163358	-0.0828653	0.0816015	0.765918	0.437539	0.000790421	0.000301175
Q9Y6A5	TACC3	-0.0620947	-0.170597	0.177326	-0.0813362	0.765918	0.0119754	0.00566608	0.125391
O60762	DPM1	-0.0348533	0.124542	-0.141229	0.133613	0.77045	0.00192446	0.000420026	0.000174093
Q06330	RBPSUH	0.0479473	0.048582	-0.160131	0.183018	0.77045	0.286934	0.00150995	0.00016726
Q9NQS7	INCENP	-0.0784542	-0.215572	0.200852	-0.0870858	0.772428	0.00585578	0.00503064	0.179968
O75962	TRIO	0.0349388	-0.104016	0.041756	0.00253647	0.773877	0.00506294	0.159609	0.939423
Q8WTV0	SCARB1	-0.072657	-0.0924625	-0.0868988	0.114096	0.775345	0.210719	0.242847	0.0819938
Q9HBM0	VEZT	0.0514416	-0.0192074	-0.183778	0.21826	0.775345	0.727813	0.00164695	0.00014329
P10600	TGFB3	-0.0532371	-0.116679	0.0711816	-0.0403857	0.775516	0.0222891	0.115036	0.343966
P0DPF3	NBPF20	0.0777678	-0.47083	0.254237	-0.187407	0.778376	0.000151296	0.0123473	0.0292814
Q53QZ3	ARHGAP15	0.0353972	0.136503	-0.0227841	-0.0250366	0.779976	0.00119031	0.478862	0.384575
Q8N5H7	SH2D3C	0.0551931	-0.00217281	-0.155823	0.212643	0.779976	0.977705	0.00390525	0.000145888
Q01081	U2AF1	-0.0338968	-0.0823147	0.0326897	-0.0122348	0.782698	0.0141028	0.257875	0.671267
P06454	PTMA	-0.0459871	-0.134656	0.0892965	-0.0580341	0.783884	0.0102312	0.0543368	0.164929
Q15424	SAFB	0.0362494	-0.0576714	0.170142	-0.16342	0.783884	0.115811	0.000180701	5.95E-05
Q9NPA3	MID1IP1	-0.0789746	-0.036123	-0.175211	0.249873	0.783884	0.678492	0.0143641	0.000536657
Q9Y6F1	PARP3	0.0504182	0.0579835	-0.0500393	0.135043	0.783884	0.239251	0.304105	0.00317957
Q13077	TRAF1	-0.0482867	-0.121137	0.0418574	-0.0417067	0.785537	0.0208905	0.399772	0.341281
P51959	CCNG1	-0.0487372	0.112473	-0.000102746	-0.0243098	0.789814	0.0287535	0.99847	0.599954
Q3B7T1	C10orf137	-0.0431643	-0.0540416	0.158984	-0.187862	0.793476	0.226894	0.00131052	0.000106715
Q9BX67	JAM3	0.126428	-0.00599949	0.286797	-0.467473	0.793476	0.971684	0.0125389	0.000229601
P50991	CCT4	-0.0342027	0.121603	0.0282373	-0.0849055	0.794732	0.00532309	0.508271	0.0181532
P68366	TUBA1	-0.0505294	-0.210372	0.138106	-0.0961489	0.794732	0.00192446	0.0141403	0.0489818
Q6P3W2	ZCSL3	-0.0351725	0.124133	-0.0864933	0.0333039	0.794732	0.00514706	0.0270443	0.338167
Q8TB52	FBXO30	-0.0410614	0.141596	-0.0350303	-0.0261272	0.794732	0.00441481	0.441259	0.526886
Q96B42	TMEM18	0.0367588	0.0672635	-0.133028	0.106196	0.794732	0.0919204	0.00176633	0.00319275
Q96B54	C19orf37	0.0442591	-0.217395	0.134676	-0.168473	0.794732	0.000615737	0.00905864	0.000927491
Q9Y5P6	GMPPB	-0.0505602	-0.0922409	-0.0615651	0.112574	0.794732	0.0858727	0.239667	0.0177501
P38484	IFNGR2	0.0283155	0.0675228	0.0172036	-0.0295288	0.794817	0.0240324	0.539177	0.213418
Q9NQX6	ZNF331	0.028441	-0.0678096	0.108887	-0.04537	0.794817	0.0258564	0.00143767	0.104807
Q9ULD4	BRPF3	-0.0350106	-0.066341	0.166559	-0.168794	0.798132	0.079522	0.000275001	0.000061125
P13765	HLA-DOB	-0.0361515	-0.0140443	-0.0902412	0.0718781	0.799795	0.7479	0.0248012	0.0467766
Q86YS7	KIAA0528	0.0395545	-0.0418864	0.134344	-0.176516	0.799795	0.320693	0.00259083	0.000115169
Q969X5	ERGIC1	0.0364827	-0.140062	0.117922	-0.173652	0.799795	0.00283867	0.00471739	0.000104843
Q96DX8	RTP4	0.0443767	0.148752	-0.0449611	0.0213299	0.799795	0.00624242	0.349791	0.645917
P43250	GRK6	-0.0601363	-0.0421004	-0.118174	0.141547	0.80357	0.541807	0.0634624	0.0161187
P55083	MFAP4	-0.079659	-0.138501	0.0840094	-0.197644	0.80357	0.120179	0.351539	0.0134148
Q969V6	MKL1	-0.038702	-0.146595	0.0678712	-0.00574561	0.80357	0.003499	0.108216	0.896741
P20645	M6PR	0.04734	0.0295869	-0.14542	0.190333	0.805437	0.571164	0.0062263	0.000338358
Q8NAB2	KBTBD3	-0.0274096	0.113229	-0.093484	0.0203858	0.805437	0.00316318	0.00660704	0.463443
Q99733	NAP1L4	-0.0272165	-0.0888763	0.0265938	0.00968728	0.806979	0.00937843	0.40449	0.754571
Q13616	CUL1	-0.035537	-0.00808084	0.140853	-0.148066	0.808471	0.86192	0.00102726	0.000216564
Q6UW68	UNQ501	0.0285433	0.0718561	0.0142287	-0.0514931	0.81176	0.0234336	0.650443	0.0448078
P06734	FCER2	-0.0977578	-0.302725	-0.17466	0.0748267	0.811978	0.0187867	0.164628	0.537344
Q8TAG9	EXOC6	-0.0335539	0.13184	-0.00803795	-0.0129457	0.811978	0.00237265	0.847503	0.708828
Q9BRQ8	AMID	0.0304597	-0.0265482	-0.0113537	0.0069823	0.812041	0.437859	0.758283	0.828169
9BXJ1	C1QTNF1	-0.08802	-0.194754	-0.038631	-0.0238164	0.813817	0.0591916	0.744697	0.817613
Q9H3L0	C2orf25	-0.0426332	0.155754	-0.120982	0.0801676	0.813817	0.00321407	0.00800056	0.042826
Q6ZUT9	MGC24039	0.0771134	0.132709	-0.282278	0.191595	0.813946	0.113576	0.0014745	0.00880956
Q96GE4	CCDC45	0.0441127	-0.0439031	0.134086	-0.186817	0.814093	0.374649	0.00637061	0.000237576
P52565	ARHGDIA	-0.0414896	-0.15744	-0.0400821	0.114845	0.814324	0.00506294	0.444669	0.0120907
Q16763	UBE2S	-0.0639792	-0.230139	0.138952	-0.018964	0.814983	0.00853119	0.0745274	0.80736
Q9BS18	ANAPC13	0.0310366	0.0984133	-0.0701921	0.0333272	0.814983	0.00793108	0.0295754	0.256023
Q14289	PTK2B	-0.0488094	-0.135839	0.0596383	-0.054601	0.814985	0.022131	0.2833	0.270135
P17813	ENG	-0.0567822	-0.183103	0.161597	-0.0557496	0.820341	0.00650453	0.00800056	0.327057
P30049	ATP5D	-0.0431131	-0.0254873	-0.140962	0.155567	0.820341	0.63852	0.00946898	0.00235279
P40259	CD79B	0.0555872	0.110136	-0.248249	0.230047	0.820341	0.0635486	0.000667787	0.000453786
P58557	C21orf57	0.0260368	-0.113097	0.0296359	-0.029801	0.820341	0.00206264	0.334693	0.271905
Q13409	DYNC1I2	0.0379945	0.142788	-0.101749	0.0696778	0.820341	0.00321407	0.0129073	0.0524403
Q969H8	C19orf10	-0.0541594	-0.16808	0.196942	-0.220984	0.820341	0.0147287	0.00350799	0.000533663
Q96IK1	FAM44B	0.0325499	0.0811436	0.0539826	-0.117474	0.820341	0.0318952	0.108802	0.000922779
Q9HC16	APOBEC3G	0.0555546	0.165539	-0.189693	0.179486	0.820341	0.0113386	0.00310074	0.00199573
Q9UQN3	CHMP2B	-0.0382172	0.158973	-0.043083	-9.22E-05	0.820341	0.00262158	0.346027	0.998506
P17026	ZNF22	0.0353578	0.127128	-0.0254156	-0.0238928	0.820968	0.00465478	0.512313	0.496701
O43293	DAPK3	-0.0483902	-0.171382	0.067939	-0.0779164	0.822369	0.00366299	0.137012	0.0574157
P30044	PRDX5	0.0380381	0.0539329	-0.174926	0.203288	0.822369	0.207574	0.000723027	6.50E-05
P42704	LRPPRC	0.0285783	0.114344	-0.0701856	0.0069731	0.822369	0.00273746	0.0241998	0.830246
Q7L4I2	RSRC2	-0.0380251	-0.030045	0.137148	-0.183166	0.822369	0.525306	0.00348012	0.000149422
Q9BY41	HDAC8	0.0302896	-0.0653383	0.130175	-0.139681	0.822369	0.0602898	0.00154899	0.000303006
Q9UBB4	ATXN10	0.0291211	0.115451	-0.0861772	0.0142308	0.822369	0.00441481	0.0149367	0.677117
O43707	ACTN4	-0.0446771	-0.117403	-0.0847014	0.14522	0.82265	0.0381543	0.129067	0.00587184
Q9H0K6	PUS7L	-0.0279862	0.139396	-0.0342429	-0.0356736	0.825606	0.00183502	0.388383	0.284715
Q9H1B5	XYLT2	-0.0345477	-0.116338	0.065686	-0.0518789	0.825679	0.013058	0.115958	0.16795
Q9NWW0	HCFC1R1	-0.0452161	-0.0636727	-0.0780581	0.112309	0.825679	0.248614	0.156848	0.0247818
Q9UIC8	LCMT1	0.0447647	0.0961388	-0.185594	0.207926	0.825679	0.0673365	0.00143078	0.000178995
P61962	WDR68	-0.0395269	-0.0104284	-0.113866	0.190168	0.825863	0.85544	0.0191272	0.000227231
P26885	FKBP2	-0.0277193	-0.181549	0.182434	-0.217726	0.829123	0.000122719	5.99E-05	1.98E-06
Q01081	U2AF1	-0.0347512	-0.118427	0.165123	-0.152773	0.829123	0.0140992	0.0009496	0.000559313
Q8WVS4	WDR60	0.041423	-0.0253829	0.153401	-0.167249	0.829123	0.641367	0.00363549	0.000781208
Q9BVT8	C7orf21	-0.0451769	-0.0667253	-0.0962088	0.111312	0.829123	0.236036	0.0905337	0.0314842
Q9BZJ0	CRNKL1	0.0267123	0.114358	-0.0816337	0.0292518	0.829123	0.00496283	0.0225126	0.357241
Q9H2P0	ADNP	0.0365721	-0.0144419	0.150566	-0.111017	0.829123	0.771373	0.00158144	0.00487118
Q9Y6M4	CSNK1G3	-0.0302172	0.128362	-0.0414969	0.014809	0.829123	0.00596367	0.346118	0.726154
P98198	ATP8B2	-0.0391006	-0.167555	0.216588	-0.227232	0.829621	0.00183502	0.000135108	1.92E-05
Q6X4W1	NELF	0.0351854	-0.158741	0.216732	-0.2635	0.831588	0.00237454	0.000108214	1.98E-06
O95232	CROP	-0.0443363	-0.0134764	0.178011	-0.227805	0.8323	0.837489	0.00244948	0.00011786
P19367	HK1	-0.0232513	-0.0297551	-0.0530167	0.0680189	0.8323	0.315735	0.0722857	0.0134148
Q15428	SF3A2	-0.0442034	-0.108315	-0.04322	0.0800871	0.834095	0.063912	0.48975	0.126338
Q9BR84	ZNF559	-0.0388057	0.0262561	0.0743085	-0.1889	0.834881	0.614193	0.108224	0.000221405
P49207	RPL34	-0.0322456	0.189009	-0.160229	0.0133062	0.835109	0.000227217	0.000505181	0.73812
P10768	ESD	-0.0374795	0.171937	-0.0671932	0.0112027	0.837786	0.00200297	0.114234	0.803042
P62910	RPL32	0.0258601	0.0506475	-0.116168	0.0887213	0.837786	0.151679	0.00196344	0.00362064
Q9NXR8	ING3	-0.0285762	-0.0518219	-0.0261594	-0.037537	0.837786	0.158522	0.502469	0.265465
O43303	CP110	-0.0303554	-0.0602074	0.138597	-0.0930853	0.840192	0.123488	0.00140431	0.00758472
P62333	PSMC6	-0.0438713	0.169098	-0.100862	0.0918859	0.843548	0.00617851	0.0503287	0.0488978
P19174	PLCG1	0.0340321	-0.138556	0.134051	-0.109422	0.844189	0.00346658	0.00249705	0.00470509
Q16560	U1SNRNPBP	0.028678	-0.116322	0.0845284	-0.086192	0.844189	0.00366299	0.0125648	0.00572397
Q8IWV7	UBR1	-0.0354652	0.00256363	-0.110341	0.093196	0.846682	0.966004	0.0089031	0.0100844
Q13433	SLC39A6	0.0382594	0.106536	-0.144674	0.167998	0.849606	0.0504931	0.00732914	0.0010814
Q9BV20	MGC3207	0.037487	0.0932676	-0.172648	0.138982	0.849606	0.0724106	0.00154899	0.00260266
Q6VY07	PACS1	-0.0523395	-0.154287	-0.0475806	0.0303447	0.850643	0.0372345	0.537212	0.671787
Q96N66	LENG4	0.0320117	-0.171905	0.115725	-0.0867828	0.852644	0.00118491	0.00720392	0.0209862
Q14240	EIF4A2	0.0218048	-0.0183933	0.109283	-0.146901	0.854911	0.541305	0.000637531	1.54E-05
Q8N5C6	FLJ10379	-0.0281199	0.112889	-0.0692673	-0.00528667	0.857706	0.00624242	0.0477601	0.887546
Q9UBB9	TFIP11	0.0493197	-0.319302	0.264574	-0.238602	0.858716	0.000227217	0.000637531	0.000516927
P35269	GTF2F1	-0.0310985	0.0128238	-0.137066	0.13128	0.85896	0.786417	0.0029688	0.00165521
P20273	CD22	-0.0496112	-0.142426	0.00257824	-0.0452018	0.859508	0.0464531	0.977647	0.504146
A0A096LP55	LOC440567	-0.0206282	-0.0355712	-0.0536429	0.0723571	0.861362	0.21137	0.0613875	0.00751537
Q6ZYL4	GTF2H5	-0.0353551	0.175948	-0.175466	0.148397	0.861362	0.00183502	0.000831253	0.00116478
Q9UBR2	CTSZ	0.0410437	-0.326131	0.326255	-0.262431	0.861362	0.000122719	5.96E-05	9.11E-05
P40425	PBX2	0.0310191	-0.26741	0.31696	-0.34274	0.863	1.32E-05	1.70E-06	1.24E-07
P46939	UTRN	0.038179	0.112344	0.0513864	-0.0587125	0.864185	0.0564184	0.412495	0.281308
P98175	RBM10	0.0257567	-0.136681	0.0699816	-0.0450408	0.864185	0.00206264	0.0514879	0.161164
Q8N5C7	DTWD1	-0.025587	0.140744	-0.0620948	0.0367072	0.864185	0.00212757	0.109042	0.297121
Q9NZD8	SPG21	0.0457247	0.185104	-0.20021	0.259553	0.864185	0.00624242	0.00237857	9.97E-05
Q07955	SFRS1	-0.0222591	-0.0748798	0.185281	-0.18763	0.864925	0.0256197	1.38E-05	2.81E-06
Q969G3	SMARCE1	0.0372983	0.108794	0.0597544	-0.148675	0.864925	0.03517	0.196686	0.0016389
P38117	ETFB	-0.0504026	0.0899732	-0.236438	0.274466	0.865647	0.194337	0.00249705	0.000256721
Q15286	RAB35	-0.0236093	-0.122672	0.15516	-0.172047	0.865647	0.00262158	0.000243468	2.22E-05
Q86U42	PABPN1	0.0191378	-0.147881	0.167646	-0.1904	0.865647	0.000122719	1.38E-05	1.12E-06
Q13601	HRB2	0.0262054	0.118116	-0.0955458	0.0409658	0.866827	0.00937843	0.020801	0.248275
A6NDU8	LOC285636	0.0194444	0.0793266	-0.00279798	-0.0384217	0.86714	0.00759953	0.93345	0.0923665
P15954	COX7C	-0.0186137	0.0831859	-0.0644983	0.0531564	0.86714	0.00441481	0.010528	0.0178454
O43292	GPAA1	0.0366808	-0.0914343	-0.126854	0.206319	0.868275	0.0830328	0.0202221	0.000303006
O43639	NCK2	-0.0375907	-0.0367252	0.174103	-0.22567	0.868275	0.519825	0.00249705	0.00011786
O60729	CDC14B	-0.0376616	-0.0407945	-0.124582	-0.00251546	0.868275	0.474217	0.0291631	0.969773
Q2NKX9	LOC388969	0.0370193	0.160632	-0.191289	0.110665	0.868275	0.00803265	0.0014636	0.0210049
Q7Z460	CLASP1	0.0229189	-0.0542523	0.119065	-0.104258	0.868275	0.0978448	0.0010913	0.00101955
Q92551	IHPK1	0.0276804	-0.138053	0.138843	-0.116263	0.868275	0.003499	0.00193604	0.00245943
Q96GZ6	SLC41A3	0.02993	-0.0628649	0.172604	-0.204032	0.870673	0.143569	0.000519053	3.56E-05
Q96L73	NSD1	-0.0192024	-0.0622617	0.0930908	-0.0752061	0.870761	0.0217124	0.00161453	0.00331236
P59998	ARPC4	-0.0366457	0.0407935	-0.158912	0.20789	0.872938	0.452449	0.00545732	0.000287242
Q96BT7	ALKBH8	0.0370631	0.126134	-0.21066	0.127665	0.873166	0.0406025	0.00103303	0.00847686
O95070	YIF1A	0.0230039	0.0088226	0.0802219	-0.101797	0.873288	0.818913	0.0135265	0.0013461
P60953	CDC42	-0.0316508	-0.115716	0.160208	-0.202328	0.873409	0.0221243	0.00201546	0.000104843
Q8TAB5	FLJ38984	-0.0314751	-0.149457	0.14783	-0.0875721	0.873852	0.00212757	0.00119987	0.0206467
Q9NPF5	DMAP1	0.0292914	-0.0706246	0.149652	-0.1752	0.873852	0.104716	0.00158144	0.000159727
P53701	HCCS	0.0266265	0.109213	-0.0631194	0.0479753	0.874376	0.0102312	0.0871432	0.153468
O95067	CCNB2	-0.0705769	-0.147201	0.118603	0.067978	0.874968	0.18938	0.288393	0.492294
P18754	RCC1	-0.0491954	-0.197413	0.125305	-0.144576	0.874968	0.0137955	0.0805326	0.0251295
Q8IWA4	MFN1	0.0304918	0.0557197	0.0816708	-0.156802	0.875177	0.258098	0.108334	0.00136188
Q9UBZ4	APEX2	-0.0399167	-0.0304248	-0.145131	0.187544	0.876661	0.645272	0.0212018	0.00213407
Q68E01	C1orf60	0.027775	-0.0639325	0.122757	-0.156862	0.879924	0.131748	0.00503053	0.000339918
Q9Y6W8	ICOS	-0.0541276	-0.149412	-0.066019	-0.0203288	0.881184	0.0860115	0.476795	0.823743
Q9NZ01	GPSN2	-0.0300907	-0.0966941	-0.0420289	0.0598631	0.884013	0.0488532	0.408021	0.17157
Q02040	CXYorf3	-0.0278532	-0.114402	0.123321	-0.127485	0.884993	0.0182626	0.00768799	0.00293266
Q15040	JOSD1	0.0266805	-0.0210103	0.140212	-0.170304	0.885324	0.638647	0.00187139	0.000135215
P42229	STAT5A	-0.0287935	-0.196948	0.122864	-0.162856	0.887195	0.00133096	0.0135725	0.00103489
Q92841	DDX17	0.0454104	-0.0200532	-0.288858	0.300956	0.887195	0.807281	0.000866741	0.000213434
Q12770	SCAP	-0.0252494	-0.112444	0.165227	-0.165981	0.888475	0.0134142	0.000617848	0.00016726
Q8NDW4	ZNF248	0.0353876	-0.0477755	0.167821	-0.210264	0.888475	0.401371	0.0037441	0.00023635
P62826	RAN	-0.0279129	0.147934	-0.0549446	0.0104139	0.889078	0.00346658	0.181311	0.80808
Q9NQ31	C11orf17	-0.0365866	0.0028546	-0.164219	0.15661	0.889078	0.971149	0.00703534	0.00470404
Q9BZK7	TBL1XR1	0.0363585	0.0671748	0.119475	-0.0934588	0.889098	0.289371	0.0668085	0.112869
Q70J99	UNC13D	-0.0318186	-0.0993176	-0.0455927	0.0602945	0.889367	0.0549288	0.357635	0.163758
Q8TDQ7	GNPDA2	0.0340776	0.159928	-0.138098	0.0720914	0.889367	0.00803265	0.011934	0.133848
Q9BXA9	SALL3	0.0280541	-0.0948849	0.201586	-0.180995	0.889367	0.0346749	0.000220754	0.000162037
O15212	PFDN6	-0.024776	-0.079541	0.0819196	-0.115388	0.892282	0.0567899	0.0414494	0.00319275
Q9UJA2	C20orf155	-0.0244276	0.121329	-0.0960429	0.105302	0.892683	0.00619549	0.0134468	0.00380358
O15527	OGG1	-0.0385857	0.0177424	-0.237218	0.244254	0.893501	0.811777	0.000672738	0.000158232
Q96KA5	CRR9	-0.0190489	-0.119659	0.0639818	-0.035104	0.893501	0.00262158	0.0512489	0.231081
Q9NP79	C6orf55	-0.0263784	0.154065	-0.100803	0.00581731	0.893501	0.00262158	0.0185036	0.896779
P59998	ARPC4	-0.0267956	-0.054695	-0.100533	0.160234	0.893599	0.233504	0.0323188	0.000813761
Q86WR0	CCDC25	0.0191455	0.0946955	-0.0629325	-0.00798102	0.893599	0.00667997	0.0352698	0.798796
Q53ET0	CRTC2	-0.0253589	-0.10823	0.11801	-0.116075	0.894856	0.0102312	0.00389489	0.00202331
Q9P2R3	ANKFY1	0.0212996	-0.0468453	0.0918053	-0.139619	0.89655	0.194337	0.0110395	0.00024371
Q15942	ZYX	-0.026286	-0.116752	-0.0394734	0.0920782	0.897161	0.0186252	0.419544	0.0282542
Q9BZL6	PRKD2	0.0287293	-0.158226	0.125254	-0.127254	0.897161	0.00535643	0.0127484	0.0057467
Q9UKM9	RALY	0.0345293	-0.034143	-0.145797	0.241439	0.897161	0.579443	0.0168843	0.000193236
P05388	RPLP0	-0.03458	0.12014	-0.241407	0.247101	0.900492	0.041509	0.000752681	0.000219158
P07996	THBS1	0.0734954	-0.111398	0.15948	-0.0374906	0.900492	0.372134	0.186123	0.778844
P60891	PRPS1	-0.0220172	0.112671	-0.161305	0.137794	0.900492	0.0067105	0.000420026	0.000433671
Q92888	ARHGEF1	-0.0393514	-0.0942971	-0.107333	0.116627	0.900492	0.176214	0.129019	0.066835
Q96DX4	RSPRY1	-0.0216465	0.0246679	0.0754075	-0.144118	0.900492	0.530768	0.0330383	0.00023635
Q96GR4	ZDHHC12	-0.0341292	-0.0775039	-0.131689	0.15139	0.900492	0.194692	0.0207852	0.00469758
Q9NRR3	CDC42SE2	0.0299316	0.144158	-0.172985	0.192811	0.900492	0.0224833	0.00474837	0.000887936
Q96DN6	MBD6	0.0273979	-0.176748	0.13597	-0.0981183	0.902338	0.00295525	0.00885793	0.0263311
Q6ZMZ0	IBRDC3	-0.0344894	-0.0232014	-0.155379	0.187819	0.903157	0.727813	0.00544125	0.000548097
Q8N129	MGC40499	-0.016837	-0.042158	0.114191	-0.101098	0.903157	0.135068	0.000831253	0.000848924
Q96PM5	RCHY1	-0.0227936	0.0996139	-0.103209	0.0492854	0.903157	0.0282473	0.0168466	0.166631
P62244	RPS15A	0.0210958	0.109052	-0.112975	0.0857952	0.903172	0.00626176	0.0029688	0.00867733
Q96B86	RGMA	-0.0310579	-0.146832	0.0718975	-0.0637262	0.903172	0.00748703	0.107559	0.115727
P51114	FXR1	0.0289896	0.0223885	0.139019	-0.159941	0.903893	0.683142	0.00561006	0.000927491
P24534	EEF1B2	-0.029721	0.162056	-0.132139	0.0906168	0.904607	0.00462132	0.00779573	0.0373706
Q9UN36	NDRG2	-0.036155	-0.236221	0.191546	-0.236448	0.904841	0.00133096	0.00274662	0.000161484
Q9NXF7	FLJ20280	0.0343155	0.15742	-0.208455	0.178792	0.905515	0.0159538	0.00173822	0.00208529
O75319	DUSP11	-0.017118	0.102866	-0.0740173	0.0309124	0.906454	0.00346658	0.0134205	0.241177
Q9NP58	ABCB6	-0.0212946	-0.124652	0.0936298	-0.0623543	0.909125	0.00273082	0.00776211	0.0429053
O95299	NDUFA10	-0.0249601	-0.224478	0.209947	-0.224985	0.910657	0.000141991	0.000185365	2.05E-05
Q0D2I5	HOM-TES-103	0.024084	-0.142771	0.163867	-0.149641	0.910657	0.00617851	0.00140431	0.000922779
Q9UKM7	MAN1B1	0.0170139	-0.107783	0.0190531	-0.00206049	0.910657	0.00387954	0.582966	0.952423
P14635	CCNB1	-0.0487279	-0.117998	0.151576	-0.0427145	0.911519	0.133358	0.0564623	0.614016
P04839	CYBB	0.0298315	0.000153023	0.162915	-0.119879	0.912463	0.999064	0.0035171	0.0102112
Q5TB80	C6orf84	0.0201015	0.148227	-0.0752545	0.0216314	0.912463	0.003499	0.0915707	0.606862
P05388	RPLP0	-0.0402188	0.232147	-0.287008	0.263905	0.912544	0.00489941	0.000667787	0.000462368
P18669	PGAM1	-0.0430142	0.151695	-0.241479	0.32463	0.912544	0.0633706	0.00314625	9.44E-05
Q6GMV3	LOC391356	0.0258772	0.147029	-0.11318	0.031311	0.912544	0.00748703	0.0199698	0.496701
Q8IXK0	PHC2	0.0255427	0.076514	-0.154199	0.19476	0.912544	0.132536	0.00309103	0.00016726
Q8NCY6	KIAA1826	-0.024919	0.16331	-0.0975898	-0.00234422	0.912544	0.00262098	0.0254425	0.962113
Q99551	MTERF	0.0169169	0.0757606	-0.122987	0.103374	0.912544	0.0306211	0.0009496	0.0010814
Q9HB75	LRDD	-0.0284004	-0.0611131	0.0157656	0.0167187	0.912544	0.250346	0.795717	0.75222
Q9Y608	LRRFIP2	-0.0206761	-0.157449	0.16468	-0.149514	0.912544	0.00133096	0.000494482	0.000280598
Q9BTE1	DCTN5	-0.0189653	-0.00903619	-0.1036	0.0888548	0.912609	0.834228	0.00765647	0.0100568
Q13439	GOLGA4	0.0162131	-0.00581133	0.132966	-0.12185	0.913868	0.880906	0.00110629	0.000878697
Q9NP64	ZCCHC17	-0.0182392	0.130947	-0.113143	0.0507858	0.914062	0.00183502	0.00237857	0.0902528
Q9UDV6	ZNF212	0.0201782	-0.0567855	0.158117	-0.177377	0.914062	0.145511	0.000515009	5.95E-05
P12830	CDH1	-0.0366578	-0.199668	0.146007	-0.230525	0.914305	0.0133555	0.0438579	0.000996156
P17568	NDUFB7	0.0179888	0.0757907	-0.125686	0.102847	0.914305	0.0339358	0.0014221	0.00250151
P68871	HBB	0.0761516	0.425585	-0.41914	0.553734	0.914305	0.00535643	0.00333262	0.00011786
Q7Z7F7	MRPL55	-0.0224693	-0.0185684	-0.126424	0.120963	0.914305	0.712187	0.00887562	0.00586623
Q8IYN2	TCEAL8	0.0242688	0.109705	-0.223129	0.230371	0.914305	0.0223927	0.000180701	2.97E-05
Q99615	DNAJC7	-0.0175511	-0.129908	0.154593	-0.156645	0.914305	0.00262158	0.000420026	9.53E-05
Q9BQ70	NULP1	-0.0183826	-0.109465	0.108827	-0.157107	0.914305	0.00938184	0.00580117	0.000162552
Q9UBL3	ASH2L	-0.0195937	0.130354	-0.0889427	0.0429351	0.914305	0.00346658	0.016841	0.195379
P36957	DLST	-0.0201115	-0.310534	0.310405	-0.324075	0.914621	2.60E-06	1.70E-06	3.53E-07
P42574	CASP3	-0.0254582	0.0641945	-0.035528	0.0400855	0.914621	0.215983	0.502777	0.384575
P51116	FXR2	0.0225753	-0.192998	0.0895132	-0.113098	0.914621	0.000558585	0.0282724	0.00356315
P60900	PSMA6	-0.0326475	0.137851	-0.231975	0.267835	0.914621	0.0386765	0.00170758	0.000178722
P62491	RAB11A	0.0153554	0.0648758	-0.0349435	0.0609212	0.914621	0.037657	0.233739	0.0213246
P62857	RPS28	-0.0184943	-0.130252	0.0762937	-0.0539321	0.914621	0.00496283	0.056111	0.128459
Q01844	EWSR1	-0.0146813	-0.0807971	0.120682	-0.118468	0.914621	0.0164789	0.000730879	0.00024987
Q04637	EIF4G1	-0.0168566	-0.124215	-0.00873	0.063616	0.914621	0.00310908	0.84265	0.0465423
Q96N46	TTC14	-0.0303924	0.0161356	0.156567	-0.235614	0.914621	0.825487	0.00982449	0.00023679
Q9H6W3	C14orf169	-0.0224723	-0.0280219	0.146458	-0.173699	0.914621	0.554845	0.00274662	0.000227231
Q96F24	NRBF2	-0.0252089	0.159908	-0.0858447	0.0459654	0.915429	0.00583319	0.0746131	0.30308
P33241	LSP1	0.0351405	0.178927	-0.316642	0.341802	0.916403	0.0194873	0.000193914	2.06E-05
Q9HA92	RSAD1	0.0200166	-0.0444759	0.133452	-0.168292	0.916403	0.284283	0.0029688	0.000153438
Q9NTZ6	RBM12	0.0222504	0.0590037	0.0767543	-0.139937	0.916403	0.198148	0.0722883	0.00138088
O95825	CRYZL1	0.0181357	0.127323	-0.097483	0.0755751	0.918644	0.00363143	0.0103316	0.0236616
Q8IWA0	WDR75	-0.0156764	0.0487854	0.0637316	-0.120811	0.918644	0.136141	0.0393901	0.0003255
Q96ES7	LOC112869	0.0230754	-0.0375279	0.138349	-0.185045	0.918818	0.461014	0.00576203	0.000283591
P51808	DYNLT3	-0.0187912	0.180028	-0.0778985	0.0294487	0.918823	0.000615737	0.0561858	0.44478
Q14161	GIT2	-0.0173074	0.049032	-0.141733	0.140483	0.918823	0.197946	0.000667787	0.000188585
Q9BQ89	C20orf55	-0.0257669	-0.122271	-0.101268	0.175091	0.918823	0.0396411	0.0855132	0.00240251
Q6JBY9	RCSD1	0.0263092	0.0426667	0.124812	-0.152407	0.919137	0.454301	0.0171779	0.00265572
Q92759	GTF2H4	0.015081	-0.147642	0.0234193	0.00298556	0.919167	0.000666519	0.516743	0.934237
P13489	RNH1	0.017632	-0.000445551	-0.134317	0.232405	0.92078	0.993888	0.00244948	4.89E-06
Q9BT78	COPS4	0.0185663	0.140019	-0.0822832	0.0433291	0.92078	0.00281066	0.0303711	0.206294
Q9H0D6	XRN2	0.0234926	0.164255	-0.150161	0.13676	0.92078	0.00462132	0.0042881	0.00381451
Q9H329	EPB41L4B	-0.0124335	0.0281014	0.078482	-0.120458	0.92078	0.321646	0.0137787	0.00023679
Q9HB75	LRDD	-0.0319116	-0.087333	-0.0278525	0.0812125	0.92078	0.224054	0.732523	0.197373
Q9NU23	DJ122O8.2	0.0296673	0.191161	-0.274831	0.257762	0.92078	0.00650453	0.000368683	0.000160489
Q9NUI1	DECR2	0.038282	-0.00361	-0.11195	0.293318	0.92078	0.97535	0.157813	0.000353761
Q9NYU2	UGCGL1	0.0277428	-0.0605429	-0.220324	0.216128	0.92078	0.328186	0.0009496	0.000335902
Q9ULP0	NDRG4	-0.0317943	-0.119143	-0.028969	-0.147992	0.92078	0.103798	0.732839	0.0257518
Q8TCX1	DYNC2LI1	-0.0166408	0.183228	-0.164282	0.149535	0.922265	0.00133096	0.0014636	0.000876442
P30520	ADSS	-0.0200641	0.053557	-0.133368	0.166652	0.92782	0.253802	0.00443467	0.000314069
Q92797	SYMPK	-0.0167408	-0.277764	0.20457	-0.191247	0.929139	1.58E-06	0.000034216	2.06E-05
Q96EH5	RPL39L	0.033277	0.110022	-0.0704831	0.183855	0.931522	0.145784	0.3471	0.00652545
P49207	RPL34	-0.0235112	0.169374	-0.147023	0.0922173	0.934927	0.0062387	0.00809828	0.0552631
Q9NP97	DNCL2A	0.0170441	-0.135017	0.059294	0.0429641	0.934927	0.0054101	0.157437	0.244278
P04075	ALDOA	-0.0398744	0.11386	-0.341617	0.445125	0.935347	0.227645	0.00173822	0.000061125
Q9Y324	FCF1	-0.0197217	0.181236	-0.211034	0.141477	0.936846	0.00346658	0.000573274	0.00311866
O60637	TSPAN3	-0.0259935	0.0600435	-0.212648	0.309882	0.940852	0.35306	0.00248166	3.00E-05
P16284	PECAM1	-0.0164843	0.0495515	0.032988	0.0747661	0.942464	0.235015	0.428279	0.0333046
P78382	SLC35A1	0.0171555	0.0886897	0.0546511	-0.0799432	0.942464	0.0421949	0.166334	0.0269123
Q68CQ7	GLT8D1	-0.0143723	-0.0435714	0.142314	-0.127052	0.942464	0.213914	0.00103303	0.00100112
Q8TD26	CHD6	0.012959	-0.00432754	0.132359	-0.113579	0.942464	0.918999	0.00150995	0.0019417
Q9Y5N5	C21orf127	-0.0171887	0.102941	-0.158406	0.117575	0.942464	0.034645	0.00166879	0.00386833
O15120	AGPAT2	0.0188981	0.0394144	-0.144668	0.2071	0.943154	0.44016	0.00350799	7.52E-05
P62195	PSMC5	-0.0110341	-0.106474	0.176721	-0.146899	0.944085	0.00262158	1.38E-05	2.06E-05
P43686	PSMC4	0.0241043	0.148139	-0.249661	0.315368	0.945102	0.0289902	0.000517894	1.40E-05
Q9Y314	NOSIP	-0.0147917	0.0408725	-0.174122	0.231543	0.945427	0.287619	0.00041373	4.89E-06
Q86SZ2	TRAPPC6B	-0.0156015	-0.035802	0.161425	-0.153155	0.945566	0.376486	0.000642012	0.000303125
P0DP25	CALM3	-0.0143619	-0.0730199	-0.0567269	0.107557	0.945841	0.0664989	0.161437	0.00496017
P49765	VEGFB	-0.0152015	-0.0331358	0.123838	-0.157688	0.945841	0.412606	0.00348012	0.00016726
O00566	MPHOSPH10	0.0143214	0.117845	-0.0860676	0.0467253	0.946295	0.00507657	0.0168416	0.144908
P29728	OAS2	0.0329795	0.151245	-0.340185	0.314616	0.947811	0.0836997	0.000385388	0.00016726
Q5TA31	RNF187	0.0113305	0.03524	-0.108109	0.113569	0.947811	0.2702	0.00143172	0.000289462
Q9BUH6	C9orf142	-0.020853	-0.028116	-0.168984	0.159759	0.947811	0.648069	0.00703051	0.00514598
Q9NRG4	SMYD2	0.0125436	0.0895257	0.0252776	-0.0523081	0.947811	0.0139256	0.447763	0.0675042
Q9BX74	TM2D1	0.0142387	0.132852	-0.154413	0.153083	0.947823	0.00566686	0.00106495	0.000339388
Q5PRF9	SAMD4B	0.0147564	-0.190455	0.220416	-0.242315	0.948389	0.000122719	1.38E-05	1.22E-06
Q9BZE2	PUS3	-0.0119096	0.10026	-0.0125338	-0.0197135	0.94937	0.00596367	0.725186	0.503234
O14763	TNFRSF10B	0.0171698	-0.0515235	0.0847471	-0.0584715	0.949628	0.273881	0.0607928	0.148597
P18621	RPL17	-0.0204038	0.165888	-0.17258	0.138791	0.950047	0.00620157	0.00282545	0.00572397
A1L0T0	ILVBL	-0.0161082	0.0919839	-0.162475	0.206939	0.952921	0.046217	0.00139435	6.02E-05
P20962	PTMS	-0.0301608	-0.161766	-0.0818701	0.242873	0.952921	0.0531776	0.254008	0.00126322
P31785	IL2RG	-0.0180449	-0.108285	-0.110603	0.142693	0.952921	0.0294492	0.0080434	0.000649351
P49756	RBM25	0.0158821	-0.0618796	0.171857	-0.232545	0.952921	0.17648	0.000813645	2.05E-05
Q5XKP0	QIL1	-0.0150856	0.0884879	-0.169462	0.20419	0.952921	0.041509	0.000743802	4.86E-05
Q9H061	TMEM126A	-0.018994	0.169171	-0.108914	0.056158	0.952921	0.00489941	0.0289701	0.215221
Q9NX94	C10orf26	0.0170838	0.0581886	-0.120821	0.17464	0.952921	0.213707	0.0114144	0.000338358
Q9Y225	RNF24	-0.0216204	-0.127743	-0.044672	0.10363	0.952921	0.0326377	0.401122	0.0302218
P27701	CD82	-0.0220964	0.0491416	-0.0697152	0.0596845	0.954096	0.474217	0.283824	0.298997
P35268	RPL22	0.018753	0.174333	-0.11423	0.0641987	0.954096	0.00321407	0.0181058	0.143325
P78312	C4orf8	0.0117973	-0.138421	0.133274	-0.092173	0.954096	0.00183502	0.00109059	0.00543096
Q1KMD3	HNRPUL2	-0.0183438	-0.17198	0.237578	-0.247692	0.954096	0.00768086	0.000503003	9.53E-05
Q6PJG2	C14orf43	-0.0138674	-0.0316896	0.130407	-0.165404	0.954096	0.451387	0.00272776	0.000158232
Q9Y5L0	TNPO3	-0.0146857	-0.152737	0.167669	-0.203225	0.954096	0.00366299	0.00104862	7.59E-05
Q9NYZ3	GTSE1	-0.0298424	-0.118091	0.112057	0.0130687	0.954193	0.150346	0.162429	0.88568
P08397	HMBS	0.0172235	0.0885654	-0.170758	0.264876	0.954516	0.117582	0.00299887	2.80E-05
Q9Y3D6	FIS1	-0.0139499	0.113543	-0.217929	0.197601	0.954871	0.0118336	0.000085562	5.99E-05
O15304	SIVA	0.0111086	-0.0333948	0.0460491	-0.0441056	0.956535	0.337349	0.166345	0.140476
Q15649	ZNHIT3	0.00857848	0.0847418	-0.0912141	0.0688867	0.957092	0.00496283	0.00173822	0.00523133
Q4KMP7	TBC1D10B	-0.0152395	-0.145738	0.0699978	-0.0118499	0.957583	0.00599109	0.117714	0.804877
Q9HCS7	XAB2	-0.0241003	-0.119879	-0.174413	0.218969	0.957583	0.131483	0.0370776	0.00561737
Q14761	PTPRCAP	-0.014494	-0.0660016	-0.105197	0.118009	0.957649	0.162856	0.0318072	0.0095606
P63162	SNRPN	0.0146584	0.00285313	-0.177363	0.20521	0.958517	0.96419	0.000667787	5.95E-05
Q9UNX3	RPL26L1	-0.0193619	0.182979	-0.219027	0.202709	0.958528	0.00703113	0.00131859	0.000902747
P39019	RPS19	-0.00661576	-0.0603907	0.0924157	-0.0868388	0.958643	0.0138967	0.00049869	0.000210622
P51828	ADCY7	0.0124974	-0.0694883	0.187509	-0.150044	0.958643	0.084244	0.000193914	0.000324257
Q03519	TAP2	-0.0202654	-0.269169	0.185155	-0.156244	0.958643	0.000666519	0.00471509	0.00758472
Q14257	RCN2	-0.015259	0.151884	-0.0609585	0.0472464	0.958643	0.00566686	0.178689	0.251863
Q9H0Z9	RNPC1	0.0120807	-0.146299	0.0060147	-0.0726592	0.958643	0.00283867	0.911847	0.0556226
Q8TBZ8	ZNF564	0.0123578	0.0815045	-0.139277	0.0969461	0.959405	0.046217	0.00193604	0.00943198
Q9H4A3	WNK1	0.0166302	-0.185434	0.156973	-0.144191	0.959827	0.00220808	0.00329735	0.0028464
Q9Y5B6	C21orf66	-0.0134707	-0.0113321	0.156515	-0.1768	0.960226	0.832481	0.00140431	0.00016726
Q92896	GLG1	-0.00967125	-0.053386	0.11968	-0.0950134	0.960296	0.108973	0.00119987	0.00217831
P63162	SNRPN	0.0261261	0.177098	-0.32141	0.34374	0.960468	0.0397203	0.00109054	0.000216564
Q9Y3B4	SF3B14	-0.0170448	0.193732	-0.150561	0.11813	0.960468	0.00283867	0.00684932	0.0161187
Q07326	PIGF	-0.0125664	0.140869	-0.0869434	0.0499235	0.961626	0.00391051	0.0324248	0.173892
Q9BWN1	MGC3121	-0.0114132	-0.045015	0.127133	-0.164018	0.961626	0.259626	0.00267826	0.000137696
Q14527	SMARCA3	0.0130411	0.106956	0.0317194	-0.0261565	0.962267	0.0221789	0.465188	0.50396
Q5VW22	CTGLF3	-0.0157686	-0.0644204	0.175435	-0.205872	0.962393	0.250346	0.00272776	0.000295141
P02671	FGA	0.0103971	-0.0521633	0.13982	-0.121189	0.962461	0.138784	0.000730879	0.000829187
Q6Q0C0	TRAF7	-0.0156115	-0.045761	-0.150612	0.213655	0.962461	0.401436	0.0029688	7.17E-05
A2VDJ0	KIAA0922	-0.0116683	-0.149703	0.0636307	-0.0294465	0.962575	0.00321407	0.13702	0.461744
O15304	SIVA	-0.0151601	0.0453122	-0.0856548	0.0992326	0.962575	0.42597	0.115397	0.044196
O60291	MGRN1	-0.0165292	-0.0430265	-0.151573	0.199194	0.962575	0.480962	0.00832236	0.000473564
Q15833	STXBP2	-0.0216711	-0.0375165	-0.231101	0.308364	0.962575	0.670929	0.00774959	0.000363565
Q96SW2	CRBN	-0.0118365	0.162491	-0.042481	-0.0367608	0.962575	0.00133096	0.26684	0.296141
P31150	GDI1	0.0126006	-0.16088	0.144522	-0.107805	0.962615	0.00496283	0.00539549	0.0146905
P43243	MATR3	0.0185738	0.148837	-0.214081	0.249591	0.962615	0.034421	0.00307569	0.000338358
P62310	LSM3	-0.0151968	0.172564	-0.12689	0.101028	0.962615	0.00599109	0.0182483	0.0358082
Q96I34	PPP1R16A	0.0124676	-0.0552824	0.168613	-0.171892	0.962615	0.223879	0.00202171	0.000659697
Q9BQ90	KLHDC3	-0.00881783	-0.0352203	0.125046	-0.126795	0.962786	0.306959	0.00103303	0.000296462
O43422	PRKRIR	-0.00921527	0.117018	-0.0398772	0.00694012	0.962798	0.00363015	0.225278	0.841225
P35749	MYH11	-0.0281794	-0.283202	0.106586	-0.243568	0.962798	0.0248899	0.397344	0.0213264
Q9BXP5	ARS2	-0.00791857	-0.0515104	0.117249	-0.126387	0.962798	0.105861	0.000887985	0.000159727
Q9H1A3	DREV1	0.00978747	0.134296	-0.0391649	-0.0496325	0.962798	0.00470188	0.366338	0.17958
P10155	TROVE2	0.0119459	0.0885455	-0.200072	0.189444	0.963618	0.0725445	0.000368683	0.000130645
Q8WUM0	NUP133	0.00857545	0.130134	-0.0587162	0.00861208	0.963873	0.00161644	0.0615081	0.795161
Q15208	STK38	-0.00894157	-0.127215	0.0966423	-0.10266	0.965678	0.00441481	0.0134314	0.00469758
Q92945	KHSRP	0.0102022	-0.158217	0.180961	-0.137216	0.965678	0.00262098	0.000505181	0.0011661
O00399	DCTN6	0.00935826	0.134346	-0.0811134	0.0488828	0.965936	0.00262158	0.0255555	0.133835
Q9NS15	LTBP3	-0.0149609	-0.0458789	-0.155996	0.182483	0.966096	0.481894	0.0159511	0.00310167
Q96FV9	THOC1	0.00854729	0.0020508	0.136281	-0.157023	0.96743	0.966004	0.000698819	6.89E-05
Q9NWL6	ASNSD1	-0.00943587	0.143269	-0.0961201	0.0487128	0.967501	0.00232521	0.0125389	0.151321
Q9NX00	FLJ20512	0.00944644	0.0390669	-0.187603	0.178488	0.967501	0.32389	0.00026225	0.000115169
Q86YV9	HPS6	0.00872939	0.0825552	-0.13	0.13063	0.968579	0.0341674	0.00201546	0.000727709
Q6NT76	HMBOX1	0.00912431	-0.0163586	0.136748	-0.182328	0.968943	0.716291	0.00202846	0.000061125
Q9BUM1	G6PC3	-0.010931	-0.0654325	-0.127645	0.19619	0.96972	0.201912	0.00988961	0.000162552
P20338	RAB4A	-0.00977023	0.160415	-0.145068	0.122136	0.96989	0.00507657	0.00576203	0.00796442
P35249	RFC4	-0.0106761	-0.0219303	0.185552	-0.166524	0.96989	0.696957	0.000965925	0.000726766
P61353	RPL27	-0.00354823	0.0583842	-0.0607229	0.0363794	0.96989	0.00262098	0.0009496	0.0136756
Q12872	SFRS8	-0.00989923	-0.0600861	0.162908	-0.186126	0.96989	0.196745	0.00150995	0.000159727
Q8IX01	SFRS14	-0.00968371	-0.0733451	0.155736	-0.149305	0.96989	0.114276	0.00193029	0.000922779
Q8N2M8	SFRS16	0.0132606	-0.206326	0.222766	-0.234797	0.96989	0.00283867	0.000856106	0.000168363
Q96PK6	RBM14	-0.00573846	-0.0859529	0.110091	-0.099845	0.96989	0.00667997	0.000672738	0.000449734
O75832	PSMD10	0.00881567	0.132998	-0.0395027	0.0140357	0.971193	0.00520963	0.322746	0.724855
Q9Y2M0	MTMR15	0.011094	-0.0439367	0.181146	-0.153068	0.971193	0.430905	0.00193604	0.00225311
O15533	TAPBP	-0.0104551	0.0158491	-0.109842	0.215175	0.971765	0.789503	0.0216345	0.000104843
O95178	NDUFB2	-0.00713389	0.0950528	-0.122947	0.11105	0.97244	0.0138258	0.00193029	0.00160624
P57086	SCAND1	0.0112997	0.0181818	-0.184349	0.268673	0.97244	0.780599	0.0037161	6.89E-05
Q92547	TOPBP1	-0.00898635	-0.09399	0.185059	-0.156291	0.97244	0.0489809	0.000623889	0.00069447
Q9H8W3	C10orf84	-0.00572385	0.0698647	0.0522808	-0.099404	0.97244	0.0359819	0.137499	0.00299928
Q9HA38	ZMAT3	-0.0191894	0.127555	-0.096722	0.0290844	0.97244	0.188872	0.312896	0.766936
P24844	MYL9	0.0109503	-0.163204	0.0609666	-0.019486	0.972821	0.00620157	0.191522	0.686719
Q14004	CDC2L5	-0.00647872	-0.0923429	0.12495	-0.0777481	0.972821	0.0163525	0.00154899	0.0138072
Q7KZN9	COX15	0.00688008	0.112063	-0.154459	0.11081	0.972821	0.00624242	0.000475487	0.00192506
Q7Z7F7	MRPL55	0.00859068	0.0654979	0.0829155	-0.152618	0.972821	0.143825	0.0489791	0.000637867
Q9Y232	CDYL	-0.00745896	0.0962824	0.0940601	-0.131178	0.972821	0.035372	0.0509255	0.0038909
Q9Y5B8	NME7	0.00641585	0.15943	-0.0797529	0.0300989	0.972821	0.000896889	0.0399269	0.397411
Q15334	LLGL1	0.00664756	-0.111963	0.100033	-0.141727	0.973116	0.00853119	0.010274	0.00039558
P62633	CNBP	0.00873099	0.151328	-0.0700082	0.0675668	0.97324	0.0054101	0.11686	0.0939735
Q06187	BTK	0.00824095	-0.088365	0.187063	-0.256766	0.97324	0.0673767	0.000637531	1.40E-05
Q9H3K2	GHITM	-0.00619505	0.116957	-0.0498212	0.00814192	0.97324	0.00321407	0.115192	0.807999
O95873	C6orf47	-0.00707577	-0.14893	0.119803	-0.183315	0.973293	0.00387954	0.00879475	0.000137696
P30279	CCND2	-0.0122214	-0.0877122	-0.0137652	-0.0364866	0.973293	0.247039	0.886352	0.628142
Q12967	RALGDS	0.00685239	-0.314138	0.274841	-0.282715	0.973293	4.89E-06	2.18E-05	3.70E-06
Q5HYK3	COQ5	-0.00570497	0.130425	-0.115365	0.0843489	0.973293	0.00133096	0.0014847	0.00559251
Q8NI36	WDR36	-0.00644468	0.14305	-0.0918016	0.0331964	0.973293	0.00183502	0.0125434	0.312344
Q8WVM7	STAG1	0.00841351	0.0530102	0.111132	-0.122482	0.973293	0.289267	0.0235789	0.00726317
Q8WVX3	LOC401152	-0.00804327	0.0424687	-0.182904	0.132805	0.973293	0.381622	0.00091797	0.00378939
Q96B45	C10orf32	-0.0107439	0.215479	-0.259123	0.193901	0.973293	0.00376469	0.000505181	0.00152753
Q96K62	ZNF499	-0.0070714	-0.0275801	0.17767	-0.179843	0.973293	0.51503	0.000505181	0.000132273
Q9NPE2	NGRN	0.0113752	0.163353	-0.207645	0.248816	0.973293	0.0228199	0.00352016	0.000324257
P35613	BSG	-0.0107243	-0.104015	-0.202926	0.295897	0.973634	0.135967	0.00954312	0.000233578
Q14296	FASTK	0.00633977	-0.153323	0.136816	-0.165459	0.973634	0.00262098	0.00290744	0.000238418
O14776	TCERG1	-0.00595636	-0.0499129	0.130467	-0.143	0.973989	0.198333	0.00201546	0.000324257
P20700	LMNB1	-0.0143951	-0.314553	0.292588	-0.237682	0.973989	0.00496283	0.00439172	0.00828653
Q9UNF0	PACSIN2	-0.00474102	-0.074872	0.119984	-0.116005	0.973989	0.02566	0.000831253	0.000339388
O75494	FUSIP1	0.00768442	0.0726461	-0.167826	0.20248	0.974603	0.141246	0.00250179	0.000193236
P07384	CAPN1	-0.00591626	-0.207536	0.176243	-0.163351	0.975508	0.000227217	0.000521744	0.000270873
Q76L83	ASXL2	0.0039491	-0.03687	0.0923013	-0.104831	0.975508	0.17453	0.00193029	0.00023635
O60934	NBN	-0.00578888	0.151971	-0.111023	0.0959218	0.975899	0.00200297	0.00690819	0.00867733
Q7Z7H8	MRPL10	-0.00496963	-0.104656	0.093944	-0.060058	0.975899	0.00496283	0.00524581	0.038243
Q9GZU1	MCOLN1	0.00820852	-0.185878	0.107259	-0.029746	0.975899	0.0062387	0.0681347	0.60406
Q9UKD1	GMEB2	-0.00550732	-0.0344246	0.123123	-0.165624	0.975899	0.406997	0.00354609	0.000153438
Q9Y222	DMTF1	-0.00557092	-0.0298592	0.166866	-0.210341	0.975899	0.471583	0.000420026	1.40E-05
O00763	ACACB	-0.00935056	-0.118255	0.0865616	-0.181869	0.976676	0.097952	0.217122	0.0048892
Q13185	CBX3	0.00839814	0.00648839	-0.276304	0.283779	0.976676	0.935679	0.000517894	0.000134452
Q96T52	IMMP2L	-0.00510547	0.130943	-0.0369563	0.00271274	0.976676	0.00496283	0.389883	0.952138
P28328	PXMP3	-0.0062789	0.14635	-0.0998726	0.0311632	0.977733	0.00535643	0.0246916	0.459535
O00562	PITPNM1	0.00553301	-0.0770561	-0.0986256	0.0915332	0.979199	0.0855975	0.0323182	0.0283678
P28702	RXRB	0.00629054	-0.0132088	0.139475	-0.214543	0.979444	0.820293	0.00604487	7.59E-05
Q14296	FASTK	-0.00615066	-0.134756	0.0444255	-0.0754017	0.981289	0.0158459	0.400774	0.0937566
O75394	MRPL33	0.00464155	0.096447	-0.146967	0.149289	0.983532	0.0247527	0.00148915	0.000482739
Q7Z7H5	TMED4	-0.00343297	0.0730806	-0.143072	0.139482	0.983532	0.0339358	0.000483305	0.000162552
Q86TB3	HAK	0.0112362	-0.278916	0.114026	-0.25959	0.983532	0.0270302	0.364388	0.0232354
Q8IU81	IRF2BP1	0.00656815	-0.145995	-0.0719084	0.079671	0.983532	0.0221178	0.179348	0.0947137
Q8NHY2	RFWD2	-0.00320827	0.0304289	-0.00168901	-0.00457667	0.983532	0.272839	0.962162	0.870724
Q8WWW8	GAB3	0.00416428	-0.0766255	0.148345	-0.163469	0.983532	0.0504931	0.000790421	0.000107905
Q92538	GBF1	-0.00368084	-0.131936	0.0485098	-0.0533917	0.983532	0.00133096	0.134132	0.0662201
Q96QF0	RAB3IP	0.00556514	-0.221901	0.222474	-0.156607	0.983532	0.00125723	0.000521744	0.00209214
Q9NXF8	ZDHHC7	0.00308894	-0.0973742	0.0976318	-0.100001	0.983532	0.0041014	0.00237857	0.000695606
Q9UHL4	DPP7	0.00530253	-0.1047	-0.0923598	0.129834	0.983532	0.0402674	0.0668085	0.0065338
Q9Y5Y5	PEX16	0.00418761	-0.120119	0.0655725	-0.0673366	0.983532	0.00596367	0.0806831	0.0468576
Q13144	EIF2B5	0.00370763	-0.0504571	0.159704	-0.17512	0.985949	0.211735	0.000558772	7.97E-05
Q13148	TARDBP	0.00494898	-0.0708926	0.20996	-0.226548	0.985949	0.178996	0.000627442	9.43E-05
Q9BYC9	MRPL20	-0.00425889	0.104471	-0.159757	0.161766	0.986158	0.0302503	0.00205518	0.000709925
P62910	RPL32	-0.00372702	0.142731	-0.161636	0.109766	0.986362	0.00536343	0.00128988	0.00654836
P36507	MAP2K2	-0.00401059	-0.081225	-0.086847	0.128447	0.98652	0.0888908	0.0726513	0.00543779
Q2KHM9	KIAA0753	-0.0033215	-0.0211548	0.151608	-0.167077	0.98652	0.598882	0.0014847	0.000224531
Q92499	DDX1	-0.00273088	0.0971342	-0.0739049	0.0364737	0.98652	0.00596367	0.0155812	0.179229
Q9NUQ2	AGPAT5	-0.00456408	0.119713	-0.0436482	0.12834	0.986856	0.039436	0.469382	0.01439
O43674	NDUFB5	-0.003215	0.116759	-0.119654	0.0999489	0.98751	0.00585578	0.00286006	0.00447279
Q9P0R6	C14orf129	0.00440772	0.20637	-0.212779	0.162358	0.989873	0.00200297	0.000770427	0.00228618
Q68DY1	ZNF626	0.00356282	0.166927	-0.168802	0.0973887	0.991213	0.00441481	0.00245456	0.0279729
Q9H0R1	C14orf108	0.00271496	0.151844	-0.0551637	0.0130065	0.991213	0.000798754	0.100219	0.705292
O43791	SPOP	-0.0020501	-0.111262	0.142252	-0.169419	0.991429	0.00193631	0.000139545	4.89E-06
Q96G75	FLJ22318	-0.00305712	-0.0374579	-0.109425	0.101721	0.991429	0.393911	0.0114254	0.00880956
Q9NVV9	THAP1	0.00284541	0.15787	-0.13235	0.0957718	0.991429	0.00262098	0.00473025	0.0161187
Q9UDW3	ZMAT5	-0.00421887	0.119917	-0.27092	0.289204	0.991429	0.043002	0.000193914	2.51E-05
Q9Y3B9	CGI-115	0.00299902	0.138171	-0.0967184	0.0410813	0.991429	0.00313703	0.0143532	0.240622
P22914	CRYGS	-0.00351581	-0.0729181	0.165762	-0.199081	0.992185	0.178122	0.00350799	0.0003255
Q14444	GPIAP1	0.00363835	0.164105	-0.18937	0.224552	0.992185	0.00784672	0.00196344	0.000166038
Q92616	GCN1L1	0.00262627	-0.0898821	0.195567	-0.195545	0.992185	0.0410179	0.000193914	4.86E-05
Q9H0Z9	RBM38	0.00284262	-0.163343	0.0531379	-0.130621	0.992185	0.00272492	0.251209	0.00387498
Q9NRP4	ACN9	-0.0041257	0.265702	-0.173117	0.147065	0.992185	0.00237454	0.0236763	0.0321392
Q9NW68	BSDC1	-0.00263831	-0.121618	0.0991933	-0.157563	0.992185	0.00923449	0.0179648	0.000390473
Q9UKT8	FBXW2	0.00248765	-0.109715	0.0581531	-0.0906766	0.992185	0.0121519	0.1347	0.0119202
A7E2V4	KIAA0913	0.00290575	-0.156145	0.0368546	-0.0404814	0.992475	0.00617851	0.490669	0.384175
O43181	NDUFS4	-0.00249452	0.17512	-0.10085	0.0836323	0.992744	0.000615737	0.00995856	0.0160685
O75533	SF3B1	-0.00304345	0.163646	-0.207187	0.233604	0.993246	0.00951556	0.00103303	0.000116902
O60293	PSRC2	0.00238511	-0.0235692	0.121127	-0.16807	0.993319	0.590212	0.00430501	0.000148807
Q9HC77	CENPJ	0.00326279	-0.0782216	0.242877	-0.220908	0.993319	0.165814	0.000378216	0.000210622
O14727	APAF1	0.0021848	0.0106837	0.0874154	-0.118883	0.99461	0.826048	0.0273403	0.0022753
O15211	RGL2	-0.0019451	-0.0265668	0.121083	-0.195758	0.996871	0.641367	0.0184588	0.000324257
P51688	SGSH	-0.00248216	-0.181901	-0.00789088	0.0486047	0.996871	0.00577505	0.918347	0.367412
P61018	RAB4B	0.00242428	-0.0553576	-0.146482	0.177137	0.996871	0.302652	0.00982449	0.00118976
Q15650	TRIP4	-0.00152723	0.125926	-0.11607	0.122635	0.996871	0.00262098	0.00242153	0.000570473
Q96H78	KIAA0446	-0.00140812	-0.131734	0.135011	-0.101099	0.996871	0.00302079	0.00140431	0.00380358
Q99627	COPS8	0.00218293	0.0544319	0.111176	-0.148552	0.996871	0.279145	0.0203435	0.00167376
Q9BSY4	CHCHD5	0.00155432	0.026933	-0.16237	0.160776	0.996871	0.485786	0.000474695	0.00014191
Q9HCK8	CHD8	-0.00212063	-0.220486	0.113795	-0.114266	0.996871	0.00133096	0.0398666	0.0229577
Q9UK58	CCNL1	-0.00172908	-0.00404893	0.111573	-0.156293	0.996871	0.935724	0.00461398	0.000158232
P27701	CD82	-0.00181377	0.0264101	-0.17082	0.115044	0.996969	0.658013	0.00411832	0.02337
P43686	PSMC4	-0.0021848	0.201635	-0.301795	0.385606	0.996969	0.0222956	0.000796481	2.22E-05
P48147	PREP	0.000666893	0.0386357	0.094154	-0.121082	0.996969	0.294506	0.00981306	0.000799511
P49590	HARSL	0.000835489	-0.0053222	0.0989833	-0.155571	0.996969	0.914149	0.0100961	0.00016726
P78368	CSNK1G2	-0.00149856	-0.234947	0.453903	-0.444055	0.996969	0.00283867	1.70E-06	7.17E-07
P98175	RBM10	-0.000778934	-0.0912468	0.0745214	-0.0659881	0.996969	0.00192446	0.00363549	0.00356315
Q14004	CDC2L5	-0.00104735	0.00761642	0.0826712	-0.113483	0.996969	0.834228	0.00742034	0.000324257
Q499Z4	ZNF672	0.000748651	-0.0554384	-0.0703355	0.0670343	0.996969	0.112478	0.0457678	0.0353397
Q6NTF9	RHBDD2	0.00143297	-0.100118	-0.0964747	0.149222	0.996969	0.0701882	0.0858003	0.00535422
Q8N163	KIAA1967	0.00114436	-0.0560516	0.131722	-0.148788	0.996969	0.10998	0.000831253	0.000104843
Q9BYJ9	YTHDF1	0.000528601	-0.066228	0.123788	-0.118835	0.996969	0.0433764	0.000723948	0.000301175
Q9GZP4	C1orf128	0.000597088	-0.0867403	0.0922552	-0.149801	0.996969	0.027367	0.0138708	0.000216564
Q9Y3E7	VPS24	0.00117698	0.150926	-0.174803	0.149451	0.996969	0.00387954	0.000723027	0.00069447
Q9NW82	WDR70	0.000419855	0.11221	-0.0887467	0.0413775	0.997611	0.00183502	0.00367912	0.103221
Q7L8J4	SH3BP5L	0.000554144	-0.152077	0.0769538	-0.119568	0.997729	0.003499	0.0784261	0.00428267
Q9GZS3	WDR61	-0.000453878	0.0870007	-0.101264	0.129172	0.997729	0.0207007	0.00576203	0.00039558
Q9Y2E5	MAN2B2	-0.000626495	-0.0641345	0.174209	-0.188708	0.997729	0.201601	0.00148259	0.00024987
Q9Y5Z4	HEBP2	0.000470987	0.0167416	0.153805	-0.178105	0.997948	0.757564	0.00254082	0.000280598
Q6NYC1	PTDSR	0.000230439	-0.111995	0.138858	-0.151579	0.998776	0.00765228	0.00128523	0.000196558
Q6UY27	C11orf38	0.00035928	-0.216687	0.146532	-0.0947377	0.998776	0.00216226	0.0114144	0.068797
Q9H213	MAGEH1	0.000233138	0.0348425	0.183004	-0.176546	0.998776	0.438522	0.00187139	0.000972728
Q13330	MTA1	-0.000152562	-0.155881	0.219976	-0.196119	0.998898	0.00923449	0.000505181	0.000324257
Q8N4V1	TMEM32	5.73E-05	0.0989763	-0.0993495	0.0704326	0.998995	0.00624242	0.00350904	0.015236
Q9BRY0	SLC39A3	-2.62E-05	-0.0765857	-0.0695145	0.097607	0.99966	0.0934637	0.0724653	0.00844194
Q9Y6X1	SERP1	-0.000029333	0.0408747	0.152457	-0.160683	0.99966	0.431301	0.00455381	0.00128585
